Date,FB,AAPL,AMZN,NFLX,GOOGL,^GSPC
2014-01-02,43195500,58671200.0,2137800,12325600.0,3639100.0,3080600000
2014-01-03,38246200,98116900.0,2210200,10817100.0,3330000.0,2774270000
2014-01-06,68852600,103152700.0,3170600,15501500.0,3535000.0,3294850000
2014-01-07,77207400,79302300.0,1916000,36167600.0,5100000.0,3511750000
2014-01-08,56682400,64632400.0,2316500,20001100.0,4480500.0,3652140000
2014-01-09,92253300,69787200.0,2103000,17007200.0,4164800.0,3581150000
2014-01-10,42449500,76244000.0,2679500,16237900.0,4282700.0,3335710000
2014-01-13,63010900,94623200.0,2844900,27237000.0,4832900.0,3591350000
2014-01-14,37503600,83140400.0,2340100,19740000.0,4960200.0,3353270000
2014-01-15,33663400,97909700.0,2678300,40432000.0,3896400.0,3777800000
2014-01-16,34541800,57319500.0,2601200,21135800.0,3364400.0,3491310000
2014-01-17,40849200,106684900.0,4505100,16417100.0,5397100.0,3626120000
2014-01-21,48669200,82131700.0,3122100,25220300.0,3955800.0,3782470000
2014-01-22,61352900,94996300.0,2060500,48342000.0,3139600.0,3374170000
2014-01-23,47951800,100809800.0,3025400,91280000.0,3894300.0,3972250000
2014-01-24,55200700,107338700.0,4458400,35466900.0,7777200.0,4618450000
2014-01-27,73924100,138719700.0,3936800,32526900.0,8698400.0,4045200000
2014-01-28,48191200,266380800.0,2894500,43590400.0,4415900.0,3437830000
2014-01-29,92995600,125702500.0,3382300,28968100.0,4755000.0,3964020000
2014-01-30,150178900,169625400.0,10473900,18379200.0,10172600.0,3547510000
2014-01-31,87794600,116199300.0,16154800,23625000.0,11121400.0,4059690000
2014-02-03,74866600,100366000.0,10280800,20145300.0,9129000.0,4726040000
2014-02-04,45985500,94170300.0,4812900,18066300.0,5618100.0,4068410000
2014-02-05,51685100,82086200.0,4435400,16762900.0,4784200.0,3984290000
2014-02-06,42086500,64441300.0,3335700,12852000.0,3889300.0,3825410000
2014-02-07,60704300,92570100.0,4330500,32921000.0,5267100.0,3775990000
2014-02-10,43666100,86389800.0,3449700,13812400.0,3886500.0,3312160000
2014-02-11,45675600,70564200.0,3222100,13667500.0,4097400.0,3699380000
2014-02-12,47282100,77025200.0,6587700,15673000.0,3445500.0,3326380000
2014-02-13,61911700,76849500.0,4175000,18700500.0,3669100.0,3289510000
2014-02-14,36694900,68231100.0,3520200,11985400.0,4369000.0,3114750000
2014-02-18,43809900,65062900.0,4998000,15507800.0,4213500.0,3421110000
2014-02-19,62087100,78442000.0,4168100,16031400.0,4202900.0,3661570000
2014-02-20,130928900,76464500.0,3492800,11965100.0,3398100.0,3404980000
2014-02-21,70932400,69696200.0,4210000,13483400.0,3720800.0,3403880000
2014-02-24,76620300,72227400.0,3644700,26043500.0,3345200.0,4014530000
2014-02-25,52077000,57988000.0,3736400,18700500.0,2874500.0,3515560000
2014-02-26,55322700,69054300.0,3622100,15010100.0,3960400.0,3716730000
2014-02-27,41653700,75470500.0,3104900,10304700.0,2517400.0,3547460000
2014-02-28,66783700,92992200.0,3882000,15751400.0,4622500.0,3917450000
2014-03-03,56824100,59695300.0,2798300,13528200.0,4205300.0,3428220000
2014-03-04,42013500,64785000.0,2704400,12387900.0,2932400.0,3765770000
2014-03-05,74567700,50015700.0,3848300,10868900.0,2468100.0,3392990000
2014-03-06,46026500,46372200.0,2926600,11809000.0,2533600.0,3360450000
2014-03-07,38927000,55182400.0,2279800,11573800.0,3027100.0,3564740000
2014-03-10,59871600,44646000.0,2105800,15439200.0,2426700.0,3021350000
2014-03-11,59408300,69806100.0,2246100,10448200.0,3422500.0,3392400000
2014-03-12,46340500,49831600.0,2216600,12134500.0,3924600.0,3270860000
2014-03-13,57091000,64435700.0,6829000,11390400.0,4686500.0,3670990000
2014-03-14,48227000,59299800.0,4402200,14989100.0,4583200.0,3285460000
2014-03-17,52197000,49886200.0,2303000,10695300.0,4319800.0,2860490000
2014-03-18,40827000,52411800.0,2483500,14688100.0,3626300.0,2930190000
2014-03-19,43981000,56189000.0,2646700,10531500.0,3222500.0,3289210000
2014-03-20,44439000,52099600.0,2558500,14494900.0,3366000.0,3327540000
2014-03-21,59999900,93511600.0,5414100,26770800.0,6410500.0,5270710000
2014-03-24,85696000,88925200.0,4873500,42483700.0,6068100.0,3409000000
2014-03-25,68786000,70573300.0,4445700,30356900.0,4815500.0,3200560000
2014-03-26,97503900,74942000.0,4120700,27152300.0,5154800.0,3480850000
2014-03-27,112650000,55507900.0,5766400,28672000.0,7636700.0,3733430000
2014-03-28,67052000,50141000.0,3986800,24699500.0,4513200.0,2955520000
2014-03-31,53011000,42167300.0,4297500,22125600.0,3880700.0,3274300000
2014-04-01,59291000,50190000.0,3600100,21338800.0,4357600.0,3336190000
2014-04-02,66277000,45105200.0,4475500,24194100.0,4168000.0,3131660000
2014-04-03,83859000,40586000.0,6399300,21983500.0,4018300.0,3055600000
2014-04-04,125214400,68812800.0,12534600,34958000.0,5363700.0,3583750000
2014-04-07,108488000,72462600.0,7077400,37351300.0,3961600.0,3801540000
2014-04-08,78836000,60972100.0,6577600,25761400.0,3482500.0,3721450000
2014-04-09,100215000,51542400.0,5056600,20511400.0,3031600.0,3308650000
2014-04-10,114988000,59913000.0,6126700,24871000.0,3294500.0,3758780000
2014-04-11,91452000,67929400.0,7287500,30146200.0,3174700.0,3743460000
2014-04-14,72325000,51418500.0,4293500,17994200.0,2541200.0,3111540000
2014-04-15,108623000,66622500.0,5398600,30799300.0,3997800.0,3736440000
2014-04-16,78774000,53691400.0,4284900,16114700.0,4582200.0,3155080000
2014-04-17,88040000,71083600.0,4299200,32116000.0,5614700.0,3341430000
2014-04-21,60364000,45637200.0,2999400,47892600.0,2425100.0,2642500000
2014-04-22,60631000,50640800.0,3711600,64702400.0,2331100.0,3215440000
2014-04-23,95908700,98735000.0,3604600,40285000.0,1955700.0,3085720000
2014-04-24,138769000,189977900.0,9293700,30639000.0,2067400.0,3191830000
2014-04-25,92502000,97568800.0,16180200,33071500.0,2370000.0,3213020000
2014-04-28,107758000,167371400.0,14479800,47123300.0,3752800.0,4034680000
2014-04-29,75557000,84344400.0,6509300,23132900.0,2535200.0,3647820000
2014-04-30,76093000,114160200.0,4088600,23618700.0,2038500.0,3779230000
2014-05-01,82429000,61012000.0,4328600,37001300.0,2004300.0,3416740000
2014-05-02,54189000,47878600.0,3995100,26194700.0,1780800.0,3159560000
2014-05-05,46057000,71766800.0,2519900,20330800.0,1228400.0,2733730000
2014-05-06,55901000,93641100.0,4682300,22722700.0,1835000.0,3327260000
2014-05-07,78587000,70716100.0,7015200,25680900.0,3074300.0,3632950000
2014-05-08,61251000,57574300.0,3848200,21168700.0,2452000.0,3393420000
2014-05-09,52584000,72899400.0,4063000,17968300.0,2261200.0,3025020000
2014-05-12,48575000,53302200.0,3729600,21395500.0,1948400.0,3005740000
2014-05-13,48525000,39934300.0,3509900,20832000.0,2012000.0,2915680000
2014-05-14,47429000,41601000.0,3323300,19891900.0,1280900.0,2822060000
2014-05-15,56814000,57711500.0,4295100,23370200.0,1832900.0,3552640000
2014-05-16,47933000,69064100.0,3636800,19072200.0,1907700.0,3173650000
2014-05-19,43034000,79438800.0,2284200,25393200.0,1976500.0,2664250000
2014-05-20,53931000,58709000.0,4095700,28828100.0,2425300.0,3007700000
2014-05-21,58992000,49214900.0,3408800,39939900.0,1564700.0,2777140000
2014-05-22,54200000,50190000.0,2576800,33222700.0,2149700.0,2759800000
2014-05-23,38294000,58052400.0,3052900,22122100.0,2672500.0,2396280000
2014-05-27,55682000,87216500.0,4862100,26735100.0,2185800.0,2911020000
2014-05-28,47795000,78870400.0,2726000,19873700.0,1581600.0,2976450000
2014-05-29,42700000,94118500.0,2365500,22844500.0,1411100.0,2709050000
2014-05-30,45253500,141005200.0,4260200,29248800.0,1871700.0,3263490000
2014-06-02,35996000,92337700.0,2203400,20480600.0,1660500.0,2509020000
2014-06-03,32217000,73177300.0,2379200,17133200.0,2031300.0,2867180000
2014-06-04,36514000,83870500.0,2107100,17432800.0,1729100.0,2793920000
2014-06-05,47352000,75951400.0,7796700,18930800.0,1793400.0,3113270000
2014-06-06,42442000,87484600.0,5244000,15730400.0,1740200.0,2864300000
2014-06-09,37617000,75415000.0,3212200,16678900.0,1529700.0,2812180000
2014-06-10,69338000,62777000.0,3663400,22920100.0,1483800.0,2702360000
2014-06-11,44242000,45681000.0,4436800,13745900.0,1129000.0,2710620000
2014-06-12,55730000,54749000.0,4276300,15803200.0,1546500.0,3040480000
2014-06-13,29419000,54525000.0,2764800,15778700.0,1353300.0,2598230000
2014-06-16,31046000,35561000.0,2449800,12506200.0,1971800.0,2926130000
2014-06-17,27715000,29726000.0,2924100,28996100.0,1477600.0,2971260000
2014-06-18,35570000,33514000.0,6401500,18786600.0,2060600.0,3065220000
2014-06-19,34245000,35528000.0,5320600,17308200.0,2627400.0,2952150000
2014-06-20,46466000,100898000.0,6054000,13222300.0,3160600.0,4336240000
2014-06-23,34560000,43694000.0,2604800,10672900.0,1722800.0,2717630000
2014-06-24,57335000,39036000.0,2626600,20367200.0,2844300.0,3089700000
2014-06-25,44308000,36869000.0,2327800,15752100.0,2114700.0,3106710000
2014-06-26,47714000,32629000.0,2699500,14237300.0,2012400.0,2778840000
2014-06-27,46461000,64029000.0,2416200,15587600.0,2021300.0,4290590000
2014-06-30,27102800,49482300.0,2671300,10588900.0,1478900.0,3037350000
2014-07-01,33243000,38223000.0,3173600,37995300.0,1643200.0,3188240000
2014-07-02,41895000,28465000.0,2681300,17309600.0,1195800.0,2851480000
2014-07-03,25203200,22891800.0,1944300,11359600.0,898900.0,1998090000
2014-07-07,28745000,56468000.0,2128900,18296600.0,1336700.0,2681260000
2014-07-08,68926000,65222000.0,4271600,26182800.0,2125200.0,3302430000
2014-07-09,51432000,36436000.0,3166100,21011200.0,1372800.0,2858800000
2014-07-10,44422000,39686000.0,2665000,24388700.0,1436200.0,3165690000
2014-07-11,39212000,34018000.0,8300800,14219100.0,1511600.0,2684630000
2014-07-14,38537000,42810000.0,5609900,17433500.0,1951600.0,2744920000
2014-07-15,44213200,45477900.0,4170900,13505800.0,1673800.0,3328740000
2014-07-16,29541600,53396300.0,3503600,13438600.0,1440800.0,3390950000
2014-07-17,38188000,57298000.0,3636000,13266400.0,2935300.0,3381680000
2014-07-18,42456000,49988000.0,3407400,11760700.0,4871600.0,3106060000
2014-07-21,49539000,39079000.0,2278400,34671000.0,2237900.0,2611160000
2014-07-22,40398000,55197000.0,2888900,57174600.0,1881600.0,2890480000
2014-07-23,78435000,92918000.0,2687300,17267600.0,1106000.0,2869720000
2014-07-24,124168000,45729000.0,7088700,18621400.0,1355000.0,3203530000
2014-07-25,45917000,43469000.0,17846500,11610200.0,1360000.0,2638960000
2014-07-28,41725000,55318000.0,5932000,11960900.0,1358100.0,2803320000
2014-07-29,41324000,43143000.0,2883800,9282000.0,1366600.0,3183300000
2014-07-30,36853000,33010000.0,3969000,15263500.0,1215100.0,3448250000
2014-07-31,43992000,56843000.0,5192000,13820100.0,2309500.0,4193000000
2014-08-01,43535000,48511000.0,7441500,18947600.0,2213300.0,3789660000
2014-08-04,30777000,39958000.0,4200900,10686900.0,1519400.0,3072920000
2014-08-05,34986000,55933000.0,2852100,10653300.0,1643800.0,3462520000
2014-08-06,30986000,38558000.0,2296900,15835400.0,1322800.0,3539150000
2014-08-07,38141000,46711000.0,2935600,27313300.0,1163000.0,3230520000
2014-08-08,27202000,41865000.0,2705900,15495200.0,1493300.0,2902280000
2014-08-11,24591000,36585000.0,2468600,13246800.0,1203400.0,2784890000
2014-08-12,27419000,33795000.0,1915800,10845100.0,1394500.0,2611700000
2014-08-13,29266000,31916000.0,4939100,9058000.0,1899400.0,2718020000
2014-08-14,22207000,28116000.0,3420400,6676600.0,1272900.0,2609460000
2014-08-15,38846600,48951000.0,3896700,22036700.0,1723400.0,3023380000
2014-08-18,23974000,47572000.0,2485400,13496000.0,1466000.0,2638160000
2014-08-19,26679000,69399000.0,1713800,10897600.0,1043200.0,2656430000
2014-08-20,22917000,52699000.0,1810500,12163900.0,967300.0,2579560000
2014-08-21,20102000,33478000.0,1971100,11746700.0,1132000.0,2638920000
2014-08-22,20897000,44184000.0,2211200,13735400.0,877200.0,2301860000
2014-08-25,19734000,40270000.0,1957700,13484800.0,1295600.0,2233880000
2014-08-26,23993000,33152000.0,3654700,10137400.0,1471700.0,2451950000
2014-08-27,36323000,52369000.0,2961600,10394300.0,1364600.0,2344350000
2014-08-28,21947000,68460000.0,2252700,7584500.0,1405800.0,2282400000
2014-08-29,26241000,44595000.0,1939500,9838500.0,1206100.0,2259130000
2014-09-02,34979000,53564000.0,2326000,8806700.0,1583000.0,2819980000
2014-09-03,32389000,125421000.0,1993700,16219000.0,1579000.0,2809980000
2014-09-04,26676000,85718000.0,3965600,11958800.0,1630800.0,3072410000
2014-09-05,29476000,58457000.0,2107000,11953200.0,1799100.0,2818300000
2014-09-08,28183000,46356700.0,2955300,7668500.0,1599200.0,2789090000
2014-09-09,28882000,189846300.0,4646800,19737900.0,1571200.0,2882830000
2014-09-10,29909000,100869600.0,3797400,9104900.0,1160100.0,2912430000
2014-09-11,32219000,62353100.0,2720200,7865200.0,1501400.0,2941690000
2014-09-12,26676800,62626100.0,3429300,13425300.0,1851500.0,3206570000
2014-09-15,49679000,61316500.0,4000400,20617100.0,1545400.0,2776530000
2014-09-16,37742000,66908100.0,3259900,26838700.0,1579600.0,3160310000
2014-09-17,28693000,60926500.0,4136000,12133100.0,1719500.0,3209420000
2014-09-18,23031000,37299400.0,2576900,10630200.0,1494500.0,3235340000
2014-09-19,76671000,70902400.0,6886200,11960900.0,4191600.0,4880220000
2014-09-22,31961000,52788400.0,3109700,16169300.0,1782200.0,3349670000
2014-09-23,36814000,63402200.0,2352600,11471600.0,1403700.0,3279350000
2014-09-24,30680000,60171800.0,2642200,9551500.0,1758000.0,3313850000
2014-09-25,37533000,100092000.0,2928800,9839900.0,1671000.0,3273050000
2014-09-26,28872000,62370500.0,3638000,10404800.0,1289100.0,2929440000
2014-09-29,34031000,49766300.0,1924600,9516500.0,1143700.0,3094440000
2014-09-30,35899000,55264100.0,2636200,12472600.0,1571500.0,3951100000
2014-10-01,55090000,51491300.0,3089100,15416100.0,1447700.0,4188590000
2014-10-02,36488000,47757800.0,3553900,18450600.0,1536300.0,4012510000
2014-10-03,23340000,43469600.0,3037400,15290100.0,1214500.0,3560970000
2014-10-06,25729000,37051200.0,2290300,13709500.0,1286100.0,3358220000
2014-10-07,25317000,42094200.0,2365400,13759200.0,1545700.0,3687870000
2014-10-08,32976000,57404700.0,3452800,14332500.0,2207900.0,4441890000
2014-10-09,32487000,77376500.0,3587900,14928200.0,2411700.0,4344020000
2014-10-10,52146000,66331600.0,3681900,19110700.0,2978700.0,4550540000
2014-10-13,43938000,53583400.0,4363900,20216700.0,2755800.0,4352580000
2014-10-14,50299000,63688600.0,3385800,16747500.0,2609900.0,4812010000
2014-10-15,61528000,100933600.0,5343900,59927700.0,3836000.0,6090800000
2014-10-16,53529000,72154500.0,4731300,92304800.0,3805000.0,5073150000
2014-10-17,76342000,68179700.0,4405100,79160900.0,5996500.0,4482120000
2014-10-20,34701000,77517300.0,3234500,33529300.0,2748200.0,3331210000
2014-10-21,32252000,94623900.0,3559300,19365500.0,2459500.0,3987090000
2014-10-22,41862000,68263100.0,3125900,32150300.0,2973700.0,3761930000
2014-10-23,35056000,71074700.0,9038200,19916400.0,2151300.0,3789250000
2014-10-24,32248000,47053900.0,19801100,14657300.0,2175400.0,3078380000
2014-10-27,30169000,34187700.0,5950600,14944300.0,1596700.0,3538860000
2014-10-28,74212000,48060900.0,5572600,11736900.0,1738700.0,3653260000
2014-10-29,106120000,52687900.0,4881900,12507600.0,2053300.0,3740350000
2014-10-30,83270000,40654800.0,4055200,10593800.0,1612500.0,3586150000
2014-10-31,44544000,44639300.0,4550700,20470100.0,2340500.0,4292290000
2014-11-03,40727000,52282600.0,3242500,17581200.0,1541700.0,3555440000
2014-11-04,39326000,41574400.0,3427400,11389700.0,1386300.0,3956260000
2014-11-05,35913000,37435900.0,4674500,13645800.0,1645300.0,3766590000
2014-11-06,21383000,34968500.0,3758100,9991800.0,1650700.0,3669770000
2014-11-07,20774000,33691500.0,2647400,9303700.0,1589100.0,3704280000
2014-11-10,21575100,27195500.0,2809100,9711100.0,1304500.0,3284940000
2014-11-11,18715700,27442300.0,3803600,14838600.0,1098300.0,2958320000
2014-11-12,26536600,46942400.0,2183000,10958500.0,1094100.0,3246650000
2014-11-13,26448500,59522900.0,3686400,10490200.0,1511000.0,3455270000
2014-11-14,19476900,44063600.0,8877800,10988600.0,1425100.0,3227130000
2014-11-17,28701200,46746700.0,4784900,9225300.0,1680600.0,3152890000
2014-11-18,20690500,44224000.0,3549500,7921200.0,1822000.0,3416190000
2014-11-19,25441200,41869200.0,3281600,24515400.0,1517300.0,3390850000
2014-11-20,19154900,43395500.0,3436700,15425200.0,1750800.0,3128290000
2014-11-21,23060400,57179300.0,4466600,17878000.0,2506000.0,3916420000
2014-11-24,22103800,47450800.0,2754200,17864000.0,1653800.0,3128060000
2014-11-25,32250200,68840400.0,2565000,28100800.0,1903600.0,3392940000
2014-11-26,32695300,40768300.0,1983600,10063200.0,1480200.0,2745260000
2014-11-28,15992000,24814400.0,3051800,6702500.0,1210100.0,2504640000
2014-12-01,31789900,83814000.0,4944900,11964400.0,1994400.0,4159010000
2014-12-02,16773900,59348900.0,2790300,14271600.0,2074000.0,3686650000
2014-12-03,16689900,43063400.0,5681000,13819400.0,1623800.0,3612680000
2014-12-04,14362800,42044500.0,3290300,11853800.0,1629900.0,3408340000
2014-12-05,24306400,38318900.0,3265200,9930200.0,3070100.0,3419620000
2014-12-08,25733900,57664900.0,3639200,13621300.0,3228300.0,3800990000
2014-12-09,25358600,60208000.0,4049500,17976700.0,2166100.0,3970150000
2014-12-10,32210500,44565300.0,3245900,12644800.0,2311100.0,4114440000
2014-12-11,33462100,41401700.0,3262900,11769100.0,2071300.0,3917950000
2014-12-12,28091600,56028100.0,3153500,13521200.0,2365700.0,4157650000
2014-12-15,29396500,67218100.0,3841600,12019000.0,2617600.0,4361990000
2014-12-16,31554600,60790700.0,6501300,16947700.0,4349900.0,4958680000
2014-12-17,29203900,53411800.0,4433500,20192900.0,3639400.0,4942370000
2014-12-18,34222100,59006200.0,7738100,15639400.0,3876700.0,4703380000
2014-12-19,43335000,88429800.0,8709100,15047900.0,4872100.0,6465530000
2014-12-22,31395800,45167500.0,4003800,7994000.0,3319500.0,3369520000
2014-12-23,19865800,26028400.0,2713700,8291500.0,2877200.0,3043950000
2014-12-24,7685500,14479600.0,1513800,5411000.0,737700.0,1416980000
2014-12-26,10647400,33721000.0,2893800,8847300.0,1113500.0,1735230000
2014-12-29,14134700,27598900.0,3009000,8588300.0,2215000.0,2452360000
2014-12-30,14370800,29881500.0,2093000,7011200.0,1048600.0,2440280000
2014-12-31,19935400,41403400.0,2048000,1232500.0,1232400.0,2606070000
2015-01-02,18177500,53204600.0,2783200,1925000.0,1324000.0,2708700000
2015-01-05,26452200,64285500.0,2774200,2595000.0,2059100.0,3799120000
2015-01-06,27399300,65797100.0,3519000,2291100.0,2722800.0,4460110000
2015-01-07,22045300,40105900.0,2640300,1407100.0,2345900.0,3805480000
2015-01-08,23961000,59364500.0,3088400,1371700.0,3652700.0,3934010000
2015-01-09,21157000,53699500.0,2589500,1367800.0,2097000.0,3364140000
2015-01-12,19190200,49650800.0,3421400,1846800.0,2854100.0,3456460000
2015-01-13,25179600,67091900.0,4130900,2674500.0,3047900.0,4107300000
2015-01-14,25741000,48337000.0,5538700,2840700.0,2640000.0,4378680000
2015-01-15,34134000,60014000.0,4419200,1667000.0,2553400.0,4276720000
2015-01-16,21791500,78513300.0,3478200,2813800.0,2482900.0,4056410000
2015-01-20,22821600,49899900.0,3062500,4941200.0,2339800.0,3944340000
2015-01-21,25096700,48575900.0,10065100,9557500.0,2317800.0,3730070000
2015-01-22,19519500,53796400.0,5362600,4759900.0,2803400.0,4176050000
2015-01-23,16746500,46464800.0,4467100,3801900.0,2292800.0,3573560000
2015-01-26,19260800,55615000.0,3169700,3038400.0,1544700.0,3465760000
2015-01-27,20110000,95568700.0,2920300,3516100.0,1957400.0,3329810000
2015-01-28,53306400,146477100.0,3063800,3504700.0,1791100.0,4067530000
2015-01-29,61293500,84436400.0,8656600,2161100.0,3950900.0,4127140000
2015-01-30,42649500,83745500.0,23856100,1887900.0,6055400.0,4568650000
2015-02-02,41955300,62739100.0,10231900,1855800.0,3768900.0,4008330000
2015-02-03,26957700,51915700.0,6204100,2344200.0,2330200.0,4615900000
2015-02-04,20277400,70149700.0,4169900,1778700.0,1694800.0,4141920000
2015-02-05,15062600,42246200.0,7247600,2035500.0,1658800.0,3821990000
2015-02-06,21211000,43706600.0,3871300,1267800.0,2134400.0,4232970000
2015-02-09,16194300,38889800.0,2724600,1167600.0,1515700.0,3549540000
2015-02-10,15811300,62008500.0,2287200,2202700.0,2371500.0,3669850000
2015-02-11,20877400,73561800.0,2786500,1993300.0,1915300.0,3596860000
2015-02-12,17235000,74474500.0,2791100,1209200.0,2429500.0,3788350000
2015-02-13,18621900,54272200.0,3475100,1852700.0,2369100.0,3527450000
2015-02-17,25254400,63152400.0,3673200,1595800.0,1958700.0,3361750000
2015-02-18,22426400,44891700.0,2523500,1471800.0,1453300.0,3370020000
2015-02-19,45851200,37362400.0,2953800,10432100.0,1541700.0,3247100000
2015-02-20,36931700,48948400.0,3258000,1346000.0,1911700.0,3281600000
2015-02-23,24139100,70974100.0,2177000,1290200.0,1645300.0,3093680000
2015-02-24,18897100,69228100.0,1920800,866300.0,1420300.0,3199840000
2015-02-25,25593800,74711700.0,3174500,979200.0,2041800.0,3312340000
2015-02-26,31111900,91287500.0,2687100,1550400.0,2701600.0,3408690000
2015-02-27,30739200,62014800.0,2532300,1645200.0,3416400.0,3547380000
2015-03-02,21662500,48096700.0,2139200,1455300.0,2520300.0,3409490000
2015-03-03,18635000,37816300.0,1946500,1060900.0,2526300.0,3262300000
2015-03-04,28126700,31666300.0,2252700,2486500.0,1850500.0,3421110000
2015-03-05,27825700,56517100.0,2693500,1606400.0,1795900.0,3103030000
2015-03-06,24488600,72842100.0,2627000,1841200.0,1879600.0,3853570000
2015-03-09,18925100,88528500.0,2311400,2710100.0,1173900.0,3349090000
2015-03-10,23067100,68856600.0,3079600,2557600.0,1979300.0,3668900000
2015-03-11,20215700,68939000.0,2495100,2337600.0,2026200.0,3406570000
2015-03-12,16093300,48362700.0,2810000,2093500.0,1780100.0,3405860000
2015-03-13,18557300,51827300.0,2611700,1451600.0,1771400.0,3498560000
2015-03-16,19305400,35874300.0,2354100,3828000.0,1842800.0,3295600000
2015-03-17,22170000,51023100.0,2034200,2630100.0,1441900.0,3221840000
2015-03-18,36912400,65270900.0,2640600,2089100.0,1759700.0,4128210000
2015-03-19,42099500,45809500.0,1915700,1635700.0,1233000.0,3305220000
2015-03-20,44466300,68695100.0,3763600,1948800.0,2216000.0,5554120000
2015-03-23,27357300,37709700.0,2235300,1093300.0,1501200.0,3267960000
2015-03-24,32576500,32842300.0,2228200,2412700.0,3957800.0,3189820000
2015-03-25,37436100,51655200.0,3429500,3093200.0,2653500.0,3521140000
2015-03-26,32794800,47572900.0,2930000,2291300.0,2492100.0,3510670000
2015-03-27,18372600,39546200.0,2603800,2259700.0,1723500.0,3008550000
2015-03-30,24527700,47099700.0,1820900,1896100.0,1239400.0,2917690000
2015-03-31,19734300,42090600.0,2506100,2035500.0,1746600.0,3376550000
2015-04-01,22058200,40621400.0,2451100,2087100.0,1932300.0,3543270000
2015-04-02,19664100,32220100.0,1875300,1409200.0,2388000.0,3095960000
2015-04-06,19062900,37194000.0,3050700,1532900.0,1685900.0,3302970000
2015-04-07,17467000,35012300.0,1954900,1425300.0,1365900.0,3065510000
2015-04-08,18966700,37329200.0,2636400,3189700.0,1419300.0,3265330000
2015-04-09,15927300,32484000.0,2392300,1922200.0,1618300.0,3172360000
2015-04-10,12529700,40188000.0,2573500,3195300.0,1305200.0,3156200000
2015-04-13,26883100,36365100.0,1894500,6348100.0,1466300.0,2908420000
2015-04-14,19634200,25524600.0,2548800,4075800.0,2354300.0,3301270000
2015-04-15,22390900,28970400.0,1933200,42528500.0,2348100.0,4013760000
2015-04-16,13769700,28369000.0,2080400,14928700.0,1586100.0,3434120000
2015-04-17,24215000,51957000.0,3839700,8329500.0,2461700.0,3627600000
2015-04-20,28796800,47054300.0,5001400,4388900.0,1925400.0,3000160000
2015-04-21,27171900,32435100.0,4643500,15925700.0,1456400.0,3243410000
2015-04-22,45548000,37654500.0,3474700,1727100.0,1590300.0,3348480000
2015-04-23,73728100,45770900.0,7980000,1812500.0,3909200.0,3636670000
2015-04-24,29660400,44525900.0,17176900,1577900.0,4608400.0,3375780000
2015-04-27,25446000,96954200.0,5430900,2178100.0,2403100.0,3438750000
2015-04-28,23775300,118924000.0,4140500,1260900.0,1858900.0,3546270000
2015-04-29,26430300,63386100.0,3621700,1362100.0,1681100.0,4074970000
2015-04-30,28999000,83195400.0,3647900,1509300.0,2362000.0,4509680000
2015-05-01,24136400,58512600.0,3565800,1272300.0,1828600.0,3379390000
2015-05-04,14692000,50988300.0,2270400,1138200.0,1763000.0,3091580000
2015-05-05,22311300,49271400.0,2856400,3873800.0,1426400.0,3793950000
2015-05-06,28663000,72141000.0,2552500,1643500.0,1951700.0,3792210000
2015-05-07,19749400,43940900.0,2766100,1460100.0,1592200.0,3676640000
2015-05-08,19943600,55550400.0,2908800,1975500.0,1411300.0,3399440000
2015-05-11,18874100,42035800.0,2393700,3411800.0,1092900.0,2992670000
2015-05-12,21285300,48160000.0,1947800,1701000.0,1764100.0,3139520000
2015-05-13,21512300,34694200.0,1996300,1593700.0,1211900.0,3374260000
2015-05-14,49438000,45203500.0,1888500,1271200.0,1586800.0,3225740000
2015-05-15,27069900,38208000.0,4240300,5293300.0,1672000.0,3092080000
2015-05-18,21613700,50882900.0,2268700,2111700.0,1247600.0,2888190000
2015-05-19,17955400,44633200.0,2464200,2728800.0,2356300.0,3296030000
2015-05-20,23056900,36454900.0,2196200,1822400.0,1542000.0,3025880000
2015-05-21,13402700,39730400.0,4121400,1823900.0,1708500.0,3070460000
2015-05-22,19567900,45596000.0,2020600,1066600.0,1213300.0,2571860000
2015-05-26,16321300,70697600.0,2244200,1378000.0,1873700.0,3342130000
2015-05-27,14160900,45833200.0,2231100,1500900.0,1742200.0,3127960000
2015-05-28,11982000,30733300.0,1912400,1117400.0,1177200.0,2980350000
2015-05-29,16134600,50884500.0,3008600,1769000.0,2154600.0,3927390000
2015-06-01,18119000,32112800.0,2253300,1418000.0,1660500.0,3011710000
2015-06-02,18923300,33667600.0,1668900,1073200.0,1592100.0,3049350000
2015-06-03,31594700,30889400.0,2727900,891100.0,1335500.0,3099980000
2015-06-04,20863900,38450100.0,2510800,1439200.0,1343300.0,3200050000
2015-06-05,16143100,35626800.0,1907900,1660600.0,1219800.0,3243690000
2015-06-08,16915500,52674800.0,2166900,1591000.0,1360700.0,2917150000
2015-06-09,16497500,56075400.0,2288700,3146400.0,1500800.0,3034580000
2015-06-10,21531200,39087300.0,2172300,8160200.0,1515800.0,3414320000
2015-06-11,18656800,35390900.0,2922500,3803300.0,1293600.0,3128600000
2015-06-12,11417900,36886200.0,2054400,1468400.0,1273400.0,2719400000
2015-06-15,18805100,43988900.0,2051000,2722000.0,1357500.0,3061570000
2015-06-16,13693700,31494100.0,2296400,2291900.0,1626300.0,2919900000
2015-06-17,18350300,32918100.0,2185900,1415000.0,1222000.0,3222240000
2015-06-18,26782600,35407200.0,3378400,1280400.0,2059600.0,3520360000
2015-06-19,23353200,54716900.0,4495100,2830700.0,2964500.0,4449810000
2015-06-22,29383100,34039300.0,1823600,2390400.0,1737600.0,3030020000
2015-06-23,50667900,30268900.0,3245000,2232300.0,1569800.0,3091190000
2015-06-24,41370200,55280900.0,2620800,11019800.0,1446200.0,3102480000
2015-06-25,27302000,31938100.0,2237500,5946200.0,1334200.0,3214610000
2015-06-26,38214600,44066800.0,2624500,4330700.0,2183800.0,5025470000
2015-06-29,35957900,49161400.0,2753200,3510800.0,1887800.0,3678960000
2015-06-30,23016500,44370700.0,2596900,2411500.0,1725500.0,4078540000
2015-07-01,25260000,30238800.0,1987100,2099900.0,1538000.0,3727260000
2015-07-02,16908800,27211000.0,1343400,1579000.0,1406200.0,2996540000
2015-07-06,24635900,28060400.0,1903200,1686900.0,1280700.0,3486360000
2015-07-07,33059900,46946800.0,3454200,3081900.0,1678900.0,4458660000
2015-07-08,24399300,60761600.0,2383100,1855800.0,1383100.0,3608780000
2015-07-09,23144200,77821600.0,2271400,2390200.0,1488300.0,3446810000
2015-07-10,23245900,61354500.0,2401000,3090900.0,2171800.0,3065070000
2015-07-13,29976700,41440500.0,3956800,4743600.0,2089600.0,3096730000
2015-07-14,26627800,31768100.0,4736200,2819500.0,3741600.0,3002120000
2015-07-15,30886600,33649200.0,2987400,30898600.0,2073300.0,3261810000
2015-07-16,21804100,36222400.0,4095600,63461000.0,5632100.0,3227080000
2015-07-17,54001600,46164700.0,4932200,25136900.0,12858100.0,3362750000
2015-07-20,54860500,58900200.0,4752500,22676900.0,5121800.0,3245870000
2015-07-21,39453300,76756400.0,3181800,14085400.0,3780200.0,3343690000
2015-07-22,28299500,115450600.0,3114900,10500500.0,4155000.0,3694070000
2015-07-23,29418800,50999500.0,9374400,8306800.0,3811600.0,3772810000
2015-07-24,33444900,42162300.0,21909400,8125100.0,4131100.0,3870040000
2015-07-27,38585400,44455500.0,7491000,11302600.0,2919100.0,3836750000
2015-07-28,35236000,33618100.0,5273100,11155900.0,1718200.0,4117740000
2015-07-29,64648300,37011700.0,3752600,6695600.0,1837800.0,4038900000
2015-07-30,86211300,33628300.0,3743100,14229200.0,1980300.0,3579410000
2015-07-31,46509000,42885000.0,3025600,16349100.0,1746100.0,3681340000
2015-08-03,29343100,69976000.0,3014200,10144800.0,1567400.0,3476770000
2015-08-04,20136000,124138600.0,2934600,29653300.0,1309400.0,3546710000
2015-08-05,29813200,99312600.0,2889400,26946500.0,1822400.0,3968680000
2015-08-06,42271300,52903000.0,3820500,24716700.0,2033000.0,4246570000
2015-08-07,23199100,38670400.0,3969200,17360700.0,1377200.0,3602320000
2015-08-10,21624200,54951600.0,2615900,13424600.0,1722900.0,3514460000
2015-08-11,22491000,97082800.0,2657900,11047600.0,5264100.0,3708880000
2015-08-12,27050500,101217500.0,3962300,13822500.0,2924900.0,4269130000
2015-08-13,17451800,48535800.0,2895200,15284400.0,1817700.0,3221300000
2015-08-14,15929700,42929500.0,1983200,8631900.0,1377400.0,2795590000
2015-08-17,18313500,40884700.0,2581700,9233800.0,1234000.0,2867690000
2015-08-18,22278800,34560700.0,2071300,9382000.0,1385500.0,2949990000
2015-08-19,23156500,47445700.0,2324000,10115300.0,2509700.0,3512920000
2015-08-20,44598200,68501600.0,4408000,28045300.0,2889900.0,3922470000
2015-08-21,62778700,128275500.0,6706500,33228300.0,4594000.0,5018240000
2015-08-24,83710700,162206300.0,10097600,59951900.0,6489400.0,6612690000
2015-08-25,52021200,103601600.0,5679300,37620700.0,3571500.0,5183560000
2015-08-26,45124300,96774600.0,6358600,36164600.0,4387000.0,5338250000
2015-08-27,42431400,84616100.0,6114500,37056100.0,2948700.0,5006390000
2015-08-28,33215900,53164400.0,2746700,20240200.0,1941800.0,3949080000
2015-08-31,32850700,56229300.0,2983000,16855800.0,1907500.0,3915100000
2015-09-01,36097400,76845900.0,3864500,35977100.0,2572900.0,4371850000
2015-09-02,27190500,61888800.0,3707100,39843300.0,1881500.0,3742620000
2015-09-03,27048200,53233900.0,3149700,29546700.0,1728600.0,3520700000
2015-09-04,27328700,49996300.0,2692500,24212000.0,2023900.0,3167090000
2015-09-08,27012500,54843600.0,3810700,43479700.0,1954600.0,3548650000
2015-09-09,32551100,85010800.0,4338700,35416300.0,2041800.0,3652120000
2015-09-10,26437400,62892800.0,2576000,21031900.0,1392500.0,3626320000
2015-09-11,21185000,49915500.0,3227900,17373900.0,1744600.0,3218590000
2015-09-14,20127900,58363400.0,3130200,15546000.0,1497100.0,3000200000
2015-09-15,18859400,43341200.0,2845600,22299200.0,1761800.0,3239860000
2015-09-16,16321200,37173500.0,2252800,28058200.0,1312600.0,3630680000
2015-09-17,27841800,64112600.0,4169500,25817700.0,2387600.0,4183790000
2015-09-18,62300000,74285300.0,6125600,21594400.0,3592700.0,6021240000
2015-09-21,28790000,50222000.0,3283300,17900600.0,1954700.0,3269350000
2015-09-22,36888900,50346200.0,3841700,16717900.0,2718100.0,3808260000
2015-09-23,21701400,35756700.0,2237600,10264500.0,1458000.0,3190530000
2015-09-24,29106000,50219500.0,3501000,21274500.0,1934600.0,4091530000
2015-09-25,28961600,56151900.0,4031000,19066600.0,2424000.0,3721870000
2015-09-28,41199900,52109000.0,5434500,17026600.0,2382300.0,4326660000
2015-09-29,42281800,73365400.0,4457500,17405900.0,2106500.0,4132390000
2015-09-30,36169100,66473000.0,3990400,16971300.0,2631200.0,4525070000
2015-10-01,29283700,63929100.0,3768500,17426900.0,2125300.0,3983600000
2015-10-02,37881700,58019800.0,4597800,21526700.0,2439400.0,4378570000
2015-10-05,27292500,52064700.0,3391400,21157900.0,1898000.0,4334490000
2015-10-06,22172800,48196800.0,4502800,20629800.0,2138700.0,4202400000
2015-10-07,24129300,46765600.0,3812100,12329500.0,2217700.0,4666470000
2015-10-08,27290500,61979600.0,4676400,42831900.0,1965400.0,3939140000
2015-10-09,20012900,52766100.0,3537400,22455200.0,1606200.0,3706900000
2015-10-12,18449600,30467200.0,2776100,12624500.0,1334200.0,2893250000
2015-10-13,19480300,33049300.0,2938000,17512100.0,2122300.0,3401920000
2015-10-14,19253400,44462400.0,3582100,33231500.0,1564600.0,3644590000
2015-10-15,27557500,37673500.0,4937000,48484300.0,2357800.0,3746290000
2015-10-16,25412900,39232600.0,4315800,21340500.0,1815800.0,3595430000
2015-10-19,23729900,29759200.0,4375400,29964700.0,1508600.0,3287320000
2015-10-20,30700500,48778800.0,4327900,17285300.0,2613300.0,3331500000
2015-10-21,21917800,41795200.0,3343600,13728500.0,1597600.0,3627790000
2015-10-22,26392100,41654100.0,7779400,12786800.0,4431600.0,4430850000
2015-10-23,42809700,59366900.0,10692700,18019900.0,6336300.0,4108460000
2015-10-26,25961200,66333800.0,4269700,12234800.0,2438800.0,3385800000
2015-10-27,23795500,69884400.0,3787100,12066400.0,1938900.0,4216880000
2015-10-28,24081500,85551400.0,3926200,13094000.0,1980200.0,4698110000
2015-10-29,20316700,51227300.0,3858600,9802700.0,1822800.0,4008940000
2015-10-30,33487100,49365300.0,3874400,15571500.0,1999200.0,4256200000
2015-11-02,24003900,32203300.0,2816500,11784600.0,1995700.0,3760020000
2015-11-03,21242300,45519000.0,3246900,12484100.0,1815300.0,4272060000
2015-11-04,43469300,44886100.0,4831800,17207500.0,2083400.0,4078870000
2015-11-05,63232900,39552700.0,4723800,13814900.0,2274300.0,4051890000
2015-11-06,35084300,33042300.0,4092200,10936600.0,1677200.0,4369020000
2015-11-09,26383500,33871400.0,4048800,16154600.0,1776900.0,3882350000
2015-11-10,25031700,59127900.0,3489500,11166400.0,1489900.0,3821440000
2015-11-11,25057100,45218000.0,5387300,11039200.0,2093300.0,3692410000
2015-11-12,20924700,32525600.0,4284700,17568200.0,1772600.0,4016370000
2015-11-13,30278400,45812400.0,6261100,18819400.0,2409400.0,4278750000
2015-11-16,49309200,38106700.0,7435900,19866200.0,2535200.0,3741240000
2015-11-17,26807200,27616900.0,4320200,33016300.0,1943200.0,4427350000
2015-11-18,23836500,46674700.0,4469800,23353600.0,1813300.0,3926390000
2015-11-19,25520600,43295800.0,4705200,19253200.0,1403900.0,3628110000
2015-11-20,22129600,34287100.0,3896100,17977000.0,2773900.0,3929600000
2015-11-23,19897200,32482500.0,4385100,15727000.0,1732400.0,3587980000
2015-11-24,23577300,42803200.0,4543400,18335300.0,2394000.0,3884930000
2015-11-25,15150800,21388300.0,2697900,10980700.0,1180600.0,2852940000
2015-11-27,5913100,13046400.0,1966800,6645500.0,721700.0,1466840000
2015-11-30,20383200,39180300.0,5693200,13894000.0,1679300.0,4275030000
2015-12-01,22781900,34852400.0,4751200,12550800.0,2019900.0,3712120000
2015-12-02,24429100,33386600.0,4273500,24105700.0,2343800.0,3950640000
2015-12-03,23236500,41569500.0,5064700,26647300.0,2097500.0,4306490000
2015-12-04,21224700,57777000.0,4534800,20250400.0,2490000.0,4214910000
2015-12-07,15474900,32084200.0,3732800,23351600.0,1831300.0,4043820000
2015-12-08,20401800,34309500.0,3651900,18591100.0,1554100.0,4173570000
2015-12-09,23517300,46361400.0,5158200,17788800.0,2327500.0,4385250000
2015-12-10,17414500,29104200.0,3440200,13437500.0,1616600.0,3715150000
2015-12-11,26427700,46886200.0,5474400,16105300.0,2159200.0,4301060000
2015-12-14,24648100,64318700.0,4329700,18679300.0,2693200.0,4612440000
2015-12-15,21764300,53323100.0,4753400,11760000.0,2469300.0,4353540000
2015-12-16,22680500,56238500.0,3964500,13181000.0,2656000.0,4635450000
2015-12-17,21675700,44772800.0,3681600,17284900.0,1825500.0,4327390000
2015-12-18,35994200,96453300.0,6841300,17948100.0,3389700.0,6683070000
2015-12-21,16138800,47590600.0,3250900,11670000.0,1742400.0,3760280000
2015-12-22,14597100,32789400.0,2664000,9660900.0,1812900.0,3520860000
2015-12-23,19599700,32657400.0,2722900,9324300.0,1529700.0,3484090000
2015-12-24,6501800,13570400.0,1093000,3541400.0,520600.0,1411860000
2015-12-28,13069700,26704200.0,3775800,8406300.0,1554300.0,2492510000
2015-12-29,17179900,30931200.0,5735000,8159200.0,1921500.0,2542000000
2015-12-30,13115000,25213800.0,3519000,8149700.0,1428300.0,2367430000
2015-12-31,18298700,40635300.0,3749600,9273000.0,1637600.0,2655330000
2016-01-04,37912400,67649400.0,9314500,20794800.0,3369100.0,4304880000
2016-01-05,23258200,55791000.0,5822600,17664600.0,2260800.0,3706620000
2016-01-06,25096200,68457400.0,5329200,33045700.0,2410300.0,4336660000
2016-01-07,45172900,81094400.0,7074900,33636700.0,3156600.0,5076590000
2016-01-08,35402300,70798000.0,5512900,18067100.0,2375300.0,4664940000
2016-01-11,29932400,49739400.0,4869200,21865700.0,2537900.0,4607290000
2016-01-12,28395400,49154200.0,4724100,15133500.0,2340800.0,4887260000
2016-01-13,33410600,62439600.0,7655200,24921600.0,2586400.0,5087030000
2016-01-14,48658600,63170100.0,7238000,23664800.0,2777900.0,5241110000
2016-01-15,45935600,79010000.0,7784500,19775100.0,3833800.0,5468460000
2016-01-19,30998300,53087700.0,4807200,35722800.0,2436200.0,4928350000
2016-01-20,59051400,72334400.0,7966400,53009400.0,4122000.0,6416070000
2016-01-21,30518900,52161500.0,4952200,31027500.0,2596900.0,5078810000
2016-01-22,30495400,65800500.0,5120100,26821800.0,2357300.0,4901760000
2016-01-25,32482000,51794500.0,4396100,20321100.0,2267000.0,4401380000
2016-01-26,26877100,75077000.0,3743200,22024700.0,1543100.0,4357940000
2016-01-27,58699400,133369700.0,5152900,25556200.0,2121400.0,4754040000
2016-01-28,107475300,55678800.0,14015200,24562300.0,3105200.0,4693010000
2016-01-29,62739500,64416500.0,14677600,20463900.0,3790400.0,5497570000
2016-02-01,46132700,40943500.0,6355100,19684500.0,5576100.0,4322530000
2016-02-02,59778600,37357200.0,6312000,21906500.0,6792300.0,4463190000
2016-02-03,56919300,45964300.0,10048700,27466000.0,6555700.0,5172950000
2016-02-04,38890200,46471700.0,6176600,19055400.0,5214800.0,5193320000
2016-02-05,76894700,46418100.0,9708900,25929300.0,5477800.0,4929940000
2016-02-08,71229700,54021400.0,9825500,25035600.0,4470500.0,5636460000
2016-02-09,62709000,44331200.0,7045900,25822400.0,4197900.0,5183220000
2016-02-10,45179400,42343600.0,6786200,23146500.0,3015700.0,4471170000
2016-02-11,43670600,50074700.0,7397400,21820300.0,3250200.0,5500800000
2016-02-12,36176800,40351400.0,5384800,19067700.0,2326900.0,4696920000
2016-02-16,45687200,49057900.0,5118500,16356600.0,2172200.0,4570670000
2016-02-17,44073400,44863200.0,4824000,18323800.0,2457700.0,5011540000
2016-02-18,29593500,39021000.0,4735000,17695300.0,2363800.0,4436490000
2016-02-19,32404500,35374200.0,4974700,14259200.0,1745900.0,4142850000
2016-02-22,35709700,34280800.0,5566600,16321800.0,1875800.0,4054710000
2016-02-23,25319300,31942600.0,4050800,12744400.0,2066600.0,3890650000
2016-02-24,34412400,36255700.0,6231700,15972800.0,1854600.0,4317250000
2016-02-25,29906300,27582700.0,4510500,17852900.0,1798600.0,4118210000
2016-02-26,26686200,28991100.0,4877000,16975200.0,2123700.0,4348510000
2016-02-29,32779000,35216300.0,4145400,13663100.0,2253400.0,4588180000
2016-03-01,26817300,50407100.0,5038500,17048800.0,3005600.0,4819750000
2016-03-02,25670200,33169600.0,4582200,19102800.0,1814600.0,4666610000
2016-03-03,21353100,36955700.0,2736700,15303600.0,2025400.0,5081700000
2016-03-04,24938900,46055100.0,3416500,23414600.0,2425800.0,6049930000
2016-03-07,31436400,35828900.0,4926900,23855200.0,3084500.0,4968180000
2016-03-08,25617000,31561900.0,4730000,14797000.0,2626500.0,4641650000
2016-03-09,20493300,27201700.0,4377300,12298700.0,1977200.0,4038120000
2016-03-10,24854300,33513600.0,3914300,16979400.0,2228600.0,4376790000
2016-03-11,20697600,27408200.0,3771300,15114300.0,1769000.0,4078620000
2016-03-14,17249400,25076100.0,3454200,11251900.0,1641200.0,3487850000
2016-03-15,17618500,40067700.0,3876800,9691800.0,1491600.0,3560280000
2016-03-16,24744800,38303500.0,3537700,12630500.0,1465300.0,4057020000
2016-03-17,24241200,34420700.0,5928100,13825000.0,2228200.0,4530480000
2016-03-18,36256900,44205200.0,7296900,15453500.0,2811100.0,6503140000
2016-03-21,18448000,35502700.0,5155700,9578500.0,1438700.0,3376600000
2016-03-22,19001100,32444400.0,4000600,9069900.0,1104800.0,3418460000
2016-03-23,18562000,25703500.0,3983700,8313500.0,1233900.0,3639510000
2016-03-24,17839100,26133000.0,5185500,10671100.0,1555800.0,3407720000
2016-03-28,21351800,19411400.0,3121500,12432200.0,1083800.0,2809090000
2016-03-29,29825300,31190100.0,4167100,15950600.0,1987100.0,3822330000
2016-03-30,33235200,45601100.0,3890500,14705000.0,2019800.0,3590310000
2016-03-31,21207500,25888400.0,2681800,9747500.0,1627700.0,3715280000
2016-04-01,24760500,25874000.0,2917400,14182400.0,1583700.0,3749990000
2016-04-04,48487900,37356200.0,2470800,10940400.0,1346200.0,3485710000
2016-04-05,22962400,26578700.0,2308900,10060900.0,1223900.0,4154920000
2016-04-06,20814600,26404100.0,2833500,9585900.0,1257100.0,3750800000
2016-04-07,20714500,31801900.0,3189000,10774900.0,1274900.0,3801250000
2016-04-08,48497800,23581700.0,2591900,7857600.0,1171700.0,3359530000
2016-04-11,39762300,29407500.0,2704300,7451300.0,1588700.0,3567840000
2016-04-12,26248100,27232300.0,2636300,12310200.0,1366600.0,4239740000
2016-04-13,88227400,33257300.0,4228300,16701700.0,1771300.0,4191830000
2016-04-14,28473300,25473900.0,3474300,9532500.0,1348000.0,3765870000
2016-04-15,20922800,46939000.0,2887700,11746100.0,1585600.0,3701450000
2016-04-18,21092700,60834000.0,4336400,27001500.0,1669700.0,3316880000
2016-04-19,30210500,32384900.0,4055900,55728800.0,2197600.0,3896830000
2016-04-20,21027900,30611000.0,2609400,26613500.0,1713100.0,4184880000
2016-04-21,20875200,31552500.0,2596300,19919400.0,3881400.0,4175290000
2016-04-22,38458200,33683100.0,5083900,15806300.0,7039900.0,3790580000
2016-04-25,21017900,28031600.0,2682900,14985400.0,2472100.0,3319740000
2016-04-26,22521500,56016200.0,2521400,15330900.0,2793200.0,3557190000
2016-04-27,52213100,114602100.0,4068800,12218900.0,3313100.0,4100110000
2016-04-28,87110100,82242700.0,7872600,11474900.0,3129500.0,4309840000
2016-04-29,37140600,68531500.0,10310700,13968000.0,2913900.0,4704720000
2016-05-02,28095200,48160100.0,6578500,12547000.0,1673800.0,3841110000
2016-05-03,24117500,56831300.0,4923400,10593900.0,1931000.0,4173390000
2016-05-04,23448400,41025500.0,4574500,7356800.0,1610200.0,4058560000
2016-05-05,22056700,35890500.0,4884100,10368500.0,1483400.0,4008530000
2016-05-06,26216200,43458200.0,4365300,10433900.0,1997600.0,3796350000
2016-05-09,21138100,32936400.0,3982200,9543700.0,1903700.0,3788620000
2016-05-10,23220000,33686800.0,6087000,11164200.0,1627900.0,3600200000
2016-05-11,22038400,28719100.0,7338200,11692900.0,1491700.0,3821980000
2016-05-12,22035500,76314700.0,5048200,20408100.0,1354700.0,3782390000
2016-05-13,18124300,44392800.0,4763400,11571400.0,1262200.0,3579880000
2016-05-16,31247800,61259800.0,5432900,11247800.0,1126900.0,3501360000
2016-05-17,21328600,46916900.0,5121400,11571300.0,1670200.0,4108960000
2016-05-18,21642300,42062400.0,4283200,13911800.0,1626800.0,4101320000
2016-05-19,20544100,30442100.0,3025600,11450300.0,1529900.0,3846770000
2016-05-20,18944800,32026000.0,2916200,15063000.0,1739900.0,3507650000
2016-05-23,20441000,38018600.0,2579200,13962700.0,1233400.0,3055480000
2016-05-24,20183600,35140200.0,3033800,21246000.0,1894200.0,3627340000
2016-05-25,20019800,38168800.0,3267700,15142900.0,1610800.0,3859160000
2016-05-26,18481300,56331200.0,2436800,17791400.0,1298300.0,3230990000
2016-05-27,13464400,36229500.0,2249200,9092100.0,1740100.0,3079150000
2016-05-31,23547600,42307200.0,3618300,8725700.0,2124200.0,4514410000
2016-06-01,15029500,29173300.0,3263100,8393400.0,1039400.0,3525170000
2016-06-02,13228300,40191600.0,3020700,7979900.0,1693700.0,3632720000
2016-06-03,14135100,28062900.0,3367300,9224000.0,1230400.0,3627780000
2016-06-06,12744700,23292500.0,2704800,6828100.0,1499600.0,3442020000
2016-06-07,17103000,22409500.0,2732500,6474700.0,1215700.0,3534730000
2016-06-08,14505600,20848100.0,2223400,9423900.0,1615700.0,3562060000
2016-06-09,13859200,26601400.0,2170300,8923800.0,959000.0,3290320000
2016-06-10,18510800,31712900.0,3425700,12907900.0,1452500.0,3515010000
2016-06-13,31718200,38020500.0,3352200,13484300.0,1167700.0,3392030000
2016-06-14,17618500,31931900.0,2506900,9480400.0,1329200.0,3759770000
2016-06-15,19819400,29445200.0,2709400,7675400.0,1161700.0,3544720000
2016-06-16,19236300,31326800.0,3098000,7550800.0,2250100.0,3628280000
2016-06-17,24644300,61008200.0,5897800,8046800.0,4113100.0,4952630000
2016-06-20,20785400,34411900.0,3677200,9026400.0,2282700.0,3467440000
2016-06-21,19166300,35546400.0,2137500,15199700.0,1515900.0,3232880000
2016-06-22,14846300,29219100.0,2260500,9454700.0,1452900.0,3168160000
2016-06-23,16176900,32240200.0,2825000,10819000.0,2125000.0,3297940000
2016-06-24,40643100,75311400.0,7632500,11248600.0,4771800.0,7597450000
2016-06-27,36130400,45489600.0,5568000,13730500.0,2907300.0,5431220000
2016-06-28,26813800,40444900.0,4037000,11545600.0,1912300.0,4385810000
2016-06-29,20968300,36531000.0,3070100,11687100.0,2156200.0,4241740000
2016-06-30,23192700,35836400.0,2855100,9099000.0,2112500.0,4622820000
2016-07-01,14980000,26026500.0,2920400,16167200.0,1549200.0,3458890000
2016-07-05,14207000,27705200.0,2431400,25879400.0,1422000.0,3658380000
2016-07-06,24337600,30949100.0,3938200,16301200.0,1445100.0,3909380000
2016-07-07,16630200,25139600.0,2936700,9902700.0,1057600.0,3604550000
2016-07-08,18142600,28912100.0,3429200,8335400.0,1497300.0,3607500000
2016-07-11,17711600,23794900.0,3195300,13276200.0,1441100.0,3253340000
2016-07-12,15217700,24167500.0,5623700,11617400.0,1323400.0,4097820000
2016-07-13,16207700,25892200.0,4142300,8768900.0,1021800.0,3502320000
2016-07-14,14579700,38919000.0,2390500,9885000.0,1070400.0,3465610000
2016-07-15,16646000,30137000.0,3121400,9041900.0,1617100.0,3122600000
2016-07-18,20868400,36493900.0,2954900,28669700.0,1934900.0,3009310000
2016-07-19,21541300,23779900.0,2216800,55681200.0,1521800.0,2968340000
2016-07-20,20046500,26276000.0,2214000,23525100.0,1125100.0,3211860000
2016-07-21,17801700,32702000.0,2317100,16084000.0,953100.0,3438900000
2016-07-22,18422400,28313700.0,2277700,11363900.0,1046000.0,3023280000
2016-07-25,18487400,40382900.0,2679300,14135000.0,1073300.0,3057240000
2016-07-26,17612000,56239800.0,2529700,19577600.0,1189600.0,3442350000
2016-07-27,52654200,92344800.0,2831800,8672000.0,1576200.0,3995500000
2016-07-28,78955800,39869800.0,7617600,6227700.0,3673200.0,3664240000
2016-07-29,35058800,27733700.0,6777100,6960200.0,5090500.0,4038840000
2016-08-01,25006900,38167900.0,3578200,10666900.0,3029700.0,3505990000
2016-08-02,23968400,33816600.0,3603300,9836200.0,1996400.0,3848750000
2016-08-03,18525300,30202600.0,3581500,7030900.0,1460300.0,3786530000
2016-08-04,21066000,27408700.0,3176000,6026400.0,1074900.0,3709200000
2016-08-05,20184000,40553400.0,2704400,18364800.0,1807300.0,3663070000
2016-08-08,15233900,28037200.0,1986300,10135400.0,1221300.0,3327550000
2016-08-09,19621000,26315200.0,1876100,9175400.0,1607700.0,3334300000
2016-08-10,10670100,24008500.0,1604300,6511100.0,918500.0,3254950000
2016-08-11,11729500,27484500.0,2016300,8535500.0,1281200.0,3423160000
2016-08-12,12159000,18660400.0,1563300,6592900.0,897300.0,3000660000
2016-08-15,19295100,25868200.0,2118500,7304600.0,929800.0,3078530000
2016-08-16,14222400,33794400.0,1604600,6311300.0,1057900.0,3196400000
2016-08-17,13794200,25356000.0,1891100,8315600.0,1066100.0,3388910000
2016-08-18,12400800,21984700.0,1458800,7252600.0,864600.0,3300570000
2016-08-19,11688300,25368100.0,2343200,6942900.0,1120800.0,3084800000
2016-08-22,14386400,25820200.0,1679300,5830500.0,852800.0,2777550000
2016-08-23,13309500,21257700.0,1524100,5239100.0,917500.0,3041490000
2016-08-24,12243700,23675100.0,1744100,6276500.0,1283600.0,3148280000
2016-08-25,10730800,25086200.0,1623000,10823100.0,1202700.0,2969310000
2016-08-26,17504800,27766300.0,2776800,6617600.0,1248900.0,3342340000
2016-08-29,15925900,24970300.0,2185700,7972700.0,766500.0,2654780000
2016-08-30,17804300,24863900.0,1709200,6093500.0,1167400.0,3006800000
2016-08-31,14200600,29662400.0,1633800,4690600.0,1071400.0,3766390000
2016-09-01,13536100,26701500.0,1792300,4148600.0,1303500.0,3392120000
2016-09-02,12118800,26802500.0,2181800,4247200.0,1349900.0,3091120000
2016-09-06,26278400,26880400.0,3719800,9036100.0,1989500.0,3447650000
2016-09-07,27990800,42364300.0,2424600,6468500.0,1145300.0,3319420000
2016-09-08,15676600,53002000.0,2026400,5198200.0,1175200.0,3727840000
2016-09-09,27100700,46557000.0,4257300,7373300.0,1887600.0,4233960000
2016-09-12,21252800,45292800.0,3124700,7718400.0,1863700.0,4010480000
2016-09-13,18016200,62176200.0,3117200,11788100.0,1809000.0,4141670000
2016-09-14,15691100,110888700.0,2523000,8481000.0,1292100.0,3664100000
2016-09-15,15077200,89983600.0,3034000,5293500.0,1557200.0,3373720000
2016-09-16,24119200,79886900.0,5499200,9445100.0,2130600.0,5014360000
2016-09-19,14958800,47023000.0,2292500,8608800.0,1146700.0,3163000000
2016-09-20,11083800,34514300.0,1937200,4736800.0,1049200.0,3140730000
2016-09-21,14068300,36003200.0,2718600,20042200.0,1348500.0,3712090000
2016-09-22,15538300,31074000.0,4078900,11215000.0,1759300.0,3552830000
2016-09-23,28326300,52481200.0,2353500,6179500.0,1411700.0,3317190000
2016-09-26,15064900,29869400.0,2651400,6739200.0,1472700.0,3216170000
2016-09-27,15637100,24607400.0,3819600,9680100.0,1367300.0,3437770000
2016-09-28,12047600,29641100.0,4422100,7235100.0,1470300.0,3891460000
2016-09-29,14532200,35887000.0,4922200,6217600.0,1350000.0,4249220000
2016-09-30,18402900,36379100.0,4430600,9807900.0,1660200.0,4173340000
2016-10-03,13156900,21701800.0,2769400,15344500.0,1489200.0,3137550000
2016-10-04,14307500,29736800.0,2950300,12143100.0,1258700.0,3750890000
2016-10-05,12386800,21453100.0,3469100,12942900.0,1213800.0,3906550000
2016-10-06,11682700,28779300.0,2684000,6587700.0,1099900.0,3461550000
2016-10-07,12804400,24358400.0,2426200,8659500.0,1163100.0,3619890000
2016-10-10,15138700,36236000.0,1818000,6679100.0,1488500.0,2916550000
2016-10-11,17537900,64041000.0,3588200,9032900.0,1721600.0,3438270000
2016-10-12,11073000,37586800.0,2380400,7426500.0,907900.0,2977100000
2016-10-13,17139300,35192400.0,3091400,8319300.0,1369000.0,3580450000
2016-10-14,13345300,35652200.0,2999800,9531100.0,1111900.0,3228150000
2016-10-17,11351700,23624900.0,3361500,26589500.0,1056400.0,2830390000
2016-10-18,13504000,24553500.0,2480800,42053700.0,2273700.0,3170000000
2016-10-19,16752300,20034600.0,2090700,21981700.0,1500100.0,3362670000
2016-10-20,13167500,24125800.0,3152000,14492800.0,1393900.0,3337170000
2016-10-21,19088800,23192700.0,2793000,18832400.0,1615800.0,3448850000
2016-10-24,17470200,23538700.0,4060900,15980700.0,1447600.0,3357320000
2016-10-25,13336800,48129000.0,3248400,8253900.0,1890700.0,3751340000
2016-10-26,13084700,66134200.0,3998100,8602400.0,1794900.0,3775200000
2016-10-27,16741400,34562000.0,7406400,6914200.0,2973500.0,4204830000
2016-10-28,24545500,37861700.0,10841100,7077300.0,4354900.0,4019510000
2016-10-31,15669000,26419400.0,5413300,6517500.0,2242700.0,3922400000
2016-11-01,22077800,43825800.0,5305400,6978600.0,2355900.0,4532160000
2016-11-02,39640900,28331700.0,5026500,4816500.0,2350700.0,4248580000
2016-11-03,63766300,26932600.0,3872500,5041300.0,2175200.0,3886740000
2016-11-04,30545500,30837000.0,5122100,5077700.0,1970600.0,3837860000
2016-11-07,23008900,32560000.0,5984400,5827100.0,1992600.0,3736060000
2016-11-08,19367800,24054500.0,3373300,4667300.0,1754700.0,3916930000
2016-11-09,31916000,59176400.0,8562900,7705700.0,3098500.0,6264150000
2016-11-10,67846700,57134500.0,12747000,19718700.0,5909600.0,6451640000
2016-11-11,32804000,34094100.0,6622800,11080300.0,3592600.0,4988050000
2016-11-14,51377000,51175500.0,7283200,9923700.0,3672000.0,5367200000
2016-11-15,34681400,32264500.0,6755800,7445100.0,2943900.0,4543860000
2016-11-16,32397900,58840500.0,3601400,5924800.0,1794300.0,3830590000
2016-11-17,18597800,27632000.0,3690100,6232700.0,1533700.0,3809160000
2016-11-18,22879300,28428900.0,4373400,6746800.0,1806300.0,3572400000
2016-11-21,35415400,29264600.0,4614600,7064500.0,1630800.0,3607010000
2016-11-22,26089200,25965500.0,5311300,7007200.0,1394200.0,3957940000
2016-11-23,15672100,27426400.0,3522500,4517400.0,1310500.0,3418640000
2016-11-25,8658600,11475900.0,1837100,1616300.0,613500.0,1584600000
2016-11-28,18101300,27194000.0,4438800,5278900.0,2575400.0,3505650000
2016-11-29,18891000,28528800.0,3272300,7082300.0,1562000.0,3706560000
2016-11-30,30188900,36162300.0,4625900,7715100.0,2279100.0,5533980000
2016-12-01,43277000,37086900.0,4666000,8636900.0,2867100.0,5063740000
2016-12-02,25070400,26528000.0,3561300,8953600.0,1718800.0,3779500000
2016-12-05,20201500,34324500.0,4314700,7626300.0,1688500.0,3895230000
2016-12-06,19131200,26195500.0,3794700,11513200.0,1734100.0,3855320000
2016-12-07,21913700,29998700.0,3684900,8204700.0,2029400.0,4501820000
2016-12-08,22442800,27068300.0,3189600,8987700.0,1612500.0,4200580000
2016-12-09,17464700,34402600.0,2470900,4700800.0,1904500.0,3884480000
2016-12-12,17805500,26374400.0,2963900,3917600.0,1628600.0,4034510000
2016-12-13,29768000,43733800.0,5285300,5564500.0,2128200.0,3857590000
2016-12-14,25913100,34031800.0,5454800,6110300.0,1799700.0,4406970000
2016-12-15,20139600,46524500.0,3801900,7376200.0,1769700.0,4168200000
2016-12-16,25324300,44351100.0,4828700,7821700.0,2589100.0,5920340000
2016-12-19,15918100,27779400.0,3113200,4867300.0,1263600.0,3248370000
2016-12-20,13684400,21425000.0,2703600,3937800.0,1271900.0,3298780000
2016-12-21,10767600,23783200.0,2044600,6514800.0,1459600.0,2852230000
2016-12-22,16258600,26085900.0,2543600,4160700.0,1131600.0,2876320000
2016-12-23,10890000,14249500.0,1976900,2002100.0,764100.0,2020550000
2016-12-27,12051500,18296900.0,2638700,5288200.0,976000.0,1987080000
2016-12-28,12087400,20905900.0,3301000,4389200.0,1214800.0,2392360000
2016-12-29,9934900,15039500.0,3153500,3443700.0,1056500.0,2336370000
2016-12-30,18684100,30586300.0,4139400,4455400.0,1735900.0,2670900000
2017-01-03,20663900,28781900.0,3521100,9437900.0,1959000.0,3770530000
2017-01-04,19630900,21118100.0,2510500,7843600.0,1515300.0,3764890000
2017-01-05,19492200,22193600.0,5830100,10185500.0,1340500.0,3761820000
2017-01-06,28545300,31751900.0,5986200,10657900.0,2017100.0,3339890000
2017-01-09,22880400,33561900.0,3440100,5766900.0,1406800.0,3217610000
2017-01-10,17324600,24462100.0,2558400,5985800.0,1197400.0,3638790000
2017-01-11,18356500,27588600.0,2992800,5615100.0,1325400.0,3620410000
2017-01-12,18653900,27086200.0,4873900,5388900.0,1349500.0,3462130000
2017-01-13,24884300,26111900.0,3791900,10515000.0,1290200.0,3081270000
2017-01-17,15294500,34439800.0,3659400,12183200.0,1439700.0,3584990000
2017-01-18,13145900,23713000.0,2354200,16168600.0,1027700.0,3315250000
2017-01-19,12195500,25597300.0,2540800,23203400.0,1070500.0,3165970000
2017-01-20,19097200,32597900.0,3376200,9497400.0,1306200.0,3524970000
2017-01-23,16593600,22050200.0,2797500,7433900.0,2457400.0,3152710000
2017-01-24,15162700,23211000.0,2971700,7754700.0,1688400.0,3810960000
2017-01-25,18731300,32377600.0,3922600,7238100.0,1655400.0,3846020000
2017-01-26,20020100,26337600.0,3586300,6038300.0,3493300.0,3610360000
2017-01-27,19539500,20562900.0,2998700,8323900.0,3752500.0,3135890000
2017-01-30,18956100,30377500.0,3747300,8122500.0,3516900.0,3591270000
2017-01-31,19790500,49201000.0,3137200,4411600.0,2020200.0,4087450000
2017-02-01,50139800,111985000.0,3850200,6033400.0,2251000.0,3916610000
2017-02-02,54366400,33710400.0,7350500,3462400.0,1689200.0,3807710000
2017-02-03,24804900,24507300.0,10868800,3512600.0,1528100.0,3597970000
2017-02-06,17058500,26845900.0,3897300,3552100.0,1350900.0,3109050000
2017-02-07,14596400,38183800.0,3466100,8573500.0,1666600.0,3448690000
2017-02-08,22390600,23004100.0,2858000,6887100.0,1302200.0,3609740000
2017-02-09,16470600,28349900.0,2484900,4555100.0,1194200.0,3677940000
2017-02-10,15061900,20065500.0,2429600,6171900.0,1415100.0,3475020000
2017-02-13,13526200,23035400.0,4172600,4790400.0,1295700.0,3349730000
2017-02-14,14364900,33226200.0,2787900,8355000.0,1296300.0,3520910000
2017-02-15,13226500,35623100.0,2968900,5309100.0,1357200.0,3775590000
2017-02-16,12831100,22584600.0,2714700,2847500.0,1005100.0,3672370000
2017-02-17,12276500,22198200.0,3112300,4588100.0,1461200.0,3513060000
2017-02-21,14759100,24507200.0,3507700,3571500.0,1260300.0,3579780000
2017-02-22,27360100,20836900.0,2617000,3482000.0,1224400.0,3468670000
2017-02-23,18422500,20788200.0,3462000,4668000.0,1386700.0,4015260000
2017-02-24,12625700,21776600.0,3688000,3302700.0,1346200.0,3831570000
2017-02-27,14306700,20257400.0,2713600,3907400.0,1010300.0,3582610000
2017-02-28,16112100,23482900.0,2793700,3862200.0,1383100.0,4210140000
2017-03-01,16257000,36414600.0,2760100,4170600.0,1818700.0,4345180000
2017-03-02,12294800,26211000.0,2132100,6119900.0,1250900.0,3821320000
2017-03-03,11160600,21108100.0,1941100,5399800.0,1005000.0,3555260000
2017-03-06,12748200,21750000.0,2610400,7116100.0,1047900.0,3232700000
2017-03-07,13527100,17446300.0,2247600,4241000.0,1038700.0,3518390000
2017-03-08,10184500,18707200.0,2286500,4085500.0,1028800.0,3812100000
2017-03-09,15535300,22155900.0,2048200,2652700.0,1347700.0,3716340000
2017-03-10,16314100,19612800.0,2436400,3318500.0,1336600.0,3432950000
2017-03-13,10955500,17421700.0,1909700,4922400.0,1166600.0,3133900000
2017-03-14,12944000,15309100.0,2130600,4660300.0,1061700.0,3172630000
2017-03-15,19344800,25691800.0,2562200,5987200.0,1332900.0,3906840000
2017-03-16,13612900,19232000.0,1842300,5286500.0,1104500.0,3365660000
2017-03-17,20592800,43885000.0,3384400,6281300.0,1868300.0,5178040000
2017-03-20,12099500,21542000.0,2282700,3421000.0,1542200.0,3054930000
2017-03-21,29894800,39529900.0,4382900,7669800.0,2538000.0,4265590000
2017-03-22,17055400,25860200.0,2658700,6486900.0,1366700.0,3572730000
2017-03-23,13022800,20346300.0,1953000,3712600.0,3287700.0,3260600000
2017-03-24,16664700,22395600.0,2138300,3546600.0,2105700.0,2975130000
2017-03-27,12800500,23575100.0,2755800,4771700.0,1934600.0,3240230000
2017-03-28,14679400,33374800.0,3041600,4638000.0,1519200.0,3367780000
2017-03-29,16527600,29190000.0,4485800,3855000.0,1457300.0,3106940000
2017-03-30,12404000,21207300.0,2762700,4461100.0,949400.0,3158420000
2017-03-31,11478300,19661700.0,3957600,3888200.0,1441000.0,3354110000
2017-04-03,13564000,19985700.0,3422300,4609300.0,1969400.0,3416400000
2017-04-04,12948600,19891400.0,4984700,4368900.0,1348500.0,3206240000
2017-04-05,17158100,27717900.0,7508400,4607600.0,1855200.0,3770520000
2017-04-06,15103400,21149000.0,6344100,3312400.0,1533600.0,3201920000
2017-04-07,11818300,16672200.0,3710900,3040500.0,1111600.0,3053150000
2017-04-10,9039400,18933400.0,3184300,5807400.0,1046200.0,2785410000
2017-04-11,16638100,30379400.0,3012700,4621500.0,974300.0,3117420000
2017-04-12,11612500,20350000.0,2456100,4387000.0,1135800.0,3196950000
2017-04-13,10965600,17822900.0,3174600,3685800.0,1073700.0,3143890000
2017-04-17,11519700,16582100.0,2854700,16364700.0,1049100.0,2824710000
2017-04-18,14807500,14697500.0,2999200,19671000.0,936200.0,3269840000
2017-04-19,15563900,17328400.0,2870200,12395100.0,1080300.0,3519900000
2017-04-20,15968200,23319600.0,2814400,7248200.0,1188800.0,3647420000
2017-04-21,12382000,17320900.0,2420500,6824800.0,1172900.0,3503360000
2017-04-24,14407200,17134300.0,3122900,4800900.0,1696500.0,3690650000
2017-04-25,17767500,18871500.0,3380600,20674200.0,2038000.0,3995240000
2017-04-26,12395000,20041200.0,2608900,9274100.0,1323300.0,4105920000
2017-04-27,11275100,14246300.0,5305500,7719400.0,2342300.0,4098460000
2017-04-28,30652200,20860400.0,7335800,6356400.0,3797800.0,3718270000
2017-05-01,25218300,33602900.0,5466500,9031600.0,2327800.0,3199240000
2017-05-02,21870400,45352200.0,3848800,5384800.0,1751300.0,3813680000
2017-05-03,29782500,45697000.0,3582700,3931200.0,1824800.0,3893990000
2017-05-04,36225500,23371900.0,2418400,5582300.0,1937600.0,4362540000
2017-05-05,17148500,27327700.0,2866400,5341700.0,1615500.0,3540140000
2017-05-08,15827500,48752400.0,3415700,4818800.0,1876700.0,3429440000
2017-05-09,17453900,39130400.0,3262100,3911000.0,1687900.0,3653590000
2017-05-10,12080700,25805700.0,2096500,6869900.0,1146000.0,3643530000
2017-05-11,11841900,27255100.0,2194100,5677400.0,1031100.0,3727420000
2017-05-12,9598200,32527000.0,3625900,5092900.0,1214900.0,3305630000
2017-05-15,15064700,26009700.0,4270600,4972000.0,1337700.0,3473600000
2017-05-16,14550800,20048500.0,3126100,3464900.0,1101500.0,3420790000
2017-05-17,28300100,50767700.0,5145600,8184500.0,2449100.0,4163000000
2017-05-18,23031600,33568200.0,3939300,6802700.0,1800500.0,4319420000
2017-05-19,16187900,26960800.0,3972100,4091500.0,1360300.0,3825160000
2017-05-22,12586700,22966400.0,2642200,3744100.0,1387400.0,3172830000
2017-05-23,12817800,19918900.0,2415600,3370900.0,1545400.0,3213570000
2017-05-24,17862400,19178000.0,2446000,2970800.0,1133000.0,3389900000
2017-05-25,19891400,19235600.0,4822000,8561000.0,1954100.0,3535390000
2017-05-26,14996200,21927600.0,3469200,4834300.0,1636400.0,2805040000
2017-05-30,13226000,20126900.0,3263100,4828600.0,1516200.0,3203160000
2017-05-31,18023900,24451200.0,3913100,5328900.0,1724100.0,4516110000
2017-06-01,14530600,16404100.0,2454800,3896300.0,1306400.0,3857140000
2017-06-02,16854400,27770700.0,3752300,4259100.0,1735500.0,3461680000
2017-06-05,12520400,25331700.0,2719900,3875200.0,1378900.0,2912600000
2017-06-06,13457100,26624900.0,3346400,4382100.0,1552100.0,3357840000
2017-06-07,12066700,21069600.0,2823000,3353100.0,1374100.0,3572300000
2017-06-08,17799400,21250800.0,2753300,3695200.0,1679900.0,3728860000
2017-06-09,35577700,64882700.0,7647700,10292000.0,3647900.0,4027340000
2017-06-12,33170200,72307300.0,9447200,14114500.0,4202100.0,4027750000
2017-06-13,20483400,34165400.0,4580000,8484700.0,2005400.0,3275500000
2017-06-14,20808800,31531200.0,3974900,6461800.0,1505500.0,3555590000
2017-06-15,18994200,32165400.0,5373900,7319700.0,2427600.0,3353050000
2017-06-16,22882400,50361100.0,11472700,6909700.0,2559200.0,5284720000
2017-06-19,19026500,32541400.0,5043400,6544300.0,1468800.0,3264700000
2017-06-20,14743900,24900100.0,4076800,4878700.0,1297300.0,3416510000
2017-06-21,15039800,21265800.0,2922500,5803400.0,1161600.0,3594820000
2017-06-22,13005500,19106300.0,2253400,3769200.0,1009500.0,3468210000
2017-06-23,18027000,35439400.0,2879100,6250800.0,1564000.0,5278330000
2017-06-26,18049700,25692400.0,3386200,6016000.0,1517900.0,3238970000
2017-06-27,19360800,24761900.0,3782400,7424300.0,2443600.0,3563910000
2017-06-28,16719100,22082400.0,3737600,5589900.0,2745600.0,3500800000
2017-06-29,23973500,31499400.0,4303000,7142500.0,3206700.0,3900280000
2017-06-30,17666000,23024100.0,3390300,5213300.0,2287700.0,3361590000
2017-07-03,13862700,14277800.0,2909100,3908200.0,1694800.0,1962290000
2017-07-05,14334300,21569600.0,3653000,4627800.0,2094100.0,3367220000
2017-07-06,14951800,24128800.0,3259600,5486500.0,2014900.0,3364520000
2017-07-07,13615900,19201700.0,2643400,5561300.0,1663300.0,2901330000
2017-07-10,13378700,21090600.0,3546300,5360600.0,1451500.0,2999130000
2017-07-11,13667700,19781800.0,2982700,4898600.0,1461200.0,3106750000
2017-07-12,22739400,24884500.0,3608600,8481800.0,1602100.0,3171620000
2017-07-13,13929200,25199400.0,2880800,6700100.0,1524600.0,3067670000
2017-07-14,16371200,20132100.0,2102500,5549200.0,1079600.0,2736640000
2017-07-17,12858800,23793500.0,3712600,17496700.0,1660500.0,2793170000
2017-07-18,23722900,17868800.0,4007600,41587400.0,1413300.0,2962130000
2017-07-19,26273600,20923000.0,2964000,17344300.0,1412100.0,3059760000
2017-07-20,18523100,17243700.0,3097500,7907200.0,1418400.0,3182780000
2017-07-21,14744000,26252600.0,2734600,9277400.0,1463300.0,3059570000
2017-07-24,17367000,21493200.0,3288000,8797300.0,3984500.0,3010240000
2017-07-25,15383200,18853900.0,2447600,5374500.0,5933600.0,4108060000
2017-07-26,35236900,15781000.0,2921300,4479300.0,2221600.0,3557020000
2017-07-27,68910700,32476300.0,10991700,11221000.0,3717900.0,3995520000
2017-07-28,24557600,17213700.0,7709400,6201900.0,1813800.0,3294770000
2017-07-31,25478900,19845900.0,7352100,4883600.0,2283500.0,3469210000
2017-08-01,14385000,35368600.0,4572600,5112700.0,1402600.0,3460860000
2017-08-02,17433800,69936800.0,4070000,5771300.0,2039400.0,3478580000
2017-08-03,10793800,27097300.0,3255800,4627700.0,1123900.0,3645020000
2017-08-04,10777700,20559900.0,2730300,4491100.0,1254600.0,3235140000
2017-08-07,12787800,21870300.0,2676600,4609800.0,1445800.0,2931780000
2017-08-08,14393500,36205900.0,2902800,6104000.0,1505100.0,3344640000
2017-08-09,10815000,26131500.0,3569700,9670500.0,1400900.0,3308060000
2017-08-10,20832700,40804300.0,5684100,9693100.0,2707400.0,3621070000
2017-08-11,13791200,26257100.0,3468000,5022300.0,1616700.0,3159930000
2017-08-14,12954200,22122700.0,3042800,7457100.0,1148500.0,2822550000
2017-08-15,8729200,29465500.0,2549300,5656100.0,1106500.0,2913100000
2017-08-16,15779900,27671600.0,3132100,7013600.0,1345300.0,2953650000
2017-08-17,17216000,27940600.0,3512400,5229200.0,1695700.0,3142620000
2017-08-18,15093600,27428100.0,3284800,7385700.0,1337400.0,3415680000
2017-08-21,11907500,26368500.0,3164500,6480700.0,1301200.0,2788150000
2017-08-22,11391000,21604600.0,2750000,4886300.0,1775100.0,2777490000
2017-08-23,9856500,19399100.0,2668300,4632300.0,1134500.0,2785290000
2017-08-24,14030400,19818900.0,5195700,5361700.0,1294600.0,2846590000
2017-08-25,12614500,25480100.0,3324800,4064000.0,1187300.0,2588780000
2017-08-28,8553700,25966000.0,2596700,3657300.0,1049400.0,2677700000
2017-08-29,11121000,29516900.0,2874300,4620900.0,1158600.0,2737580000
2017-08-30,11138300,27269600.0,2904600,8034700.0,1120300.0,2633660000
2017-08-31,17226500,26785100.0,3331500,6941000.0,1693300.0,3348110000
2017-09-01,11677600,16591100.0,2535900,3813000.0,1042900.0,2710730000
2017-09-05,13210900,29468500.0,2883200,4589500.0,1457400.0,3490260000
2017-09-06,13906300,21651700.0,2129900,8742600.0,1391500.0,3374410000
2017-09-07,18049500,21928500.0,2566800,6036100.0,1116600.0,3353930000
2017-09-08,10998500,28611500.0,2605300,4590800.0,999900.0,3302490000
2017-09-11,12372000,31580800.0,2186700,5979400.0,1337400.0,3291760000
2017-09-12,11186300,71714000.0,2481100,6689600.0,1284800.0,3230920000
2017-09-13,9119300,44907400.0,3374700,4320300.0,1095400.0,3368050000
2017-09-14,15615700,23760700.0,3913300,4510700.0,1427400.0,3414460000
2017-09-15,15660500,49114600.0,3760200,5591700.0,1994300.0,4853170000
2017-09-18,12954000,28269400.0,3411300,5359600.0,1473700.0,3194300000
2017-09-19,13168600,20810600.0,2671100,4982100.0,1242700.0,3249100000
2017-09-20,12264100,52951400.0,2888800,4625000.0,2004000.0,3530010000
2017-09-21,11161400,37511700.0,2337600,7148100.0,1370700.0,2930860000
2017-09-22,12097100,46645400.0,2641800,5464300.0,1074800.0,2865960000
2017-09-25,41251600,44387300.0,5124000,9367200.0,1873400.0,3297890000
2017-09-26,23363300,36660000.0,3564800,5602500.0,1672700.0,3043110000
2017-09-27,19242500,25504200.0,3148900,5710500.0,2334600.0,3456030000
2017-09-28,12178700,22005500.0,2522600,4077000.0,1400900.0,3168620000
2017-09-29,15340400,26299800.0,2543800,4227900.0,2031100.0,3211920000
2017-10-02,13392300,18698800.0,2442900,7342000.0,1539100.0,3199730000
2017-10-03,8190300,16230300.0,2666600,3956900.0,1083300.0,3068850000
2017-10-04,12127900,20163800.0,2527400,9235900.0,1057800.0,3017120000
2017-10-05,14580600,21283800.0,3229200,19412700.0,1780900.0,3045120000
2017-10-06,13124500,17407600.0,3782100,15348400.0,1553000.0,2884570000
2017-10-09,14570400,16262900.0,2938600,6971700.0,1295500.0,2483970000
2017-10-10,11341100,15617000.0,3084900,6233800.0,1163400.0,2960500000
2017-10-11,11283700,16905600.0,2337100,6450200.0,1815000.0,2976090000
2017-10-12,10351000,16125100.0,4067300,7753300.0,1530700.0,3151510000
2017-10-13,13658300,16394200.0,2431500,12081300.0,1327600.0,3149440000
2017-10-16,11498800,24121500.0,2008900,22105400.0,1071000.0,2916020000
2017-10-17,15990100,18997300.0,2319700,23900100.0,1013000.0,2889390000
2017-10-18,12752400,16374200.0,2499700,11198900.0,1279800.0,2998090000
2017-10-19,14048400,42584200.0,3108200,7034600.0,1714200.0,2990710000
2017-10-20,12602200,23974100.0,2365100,5995600.0,1606000.0,3384650000
2017-10-23,13852700,21984300.0,3494100,6980000.0,1639300.0,3211710000
2017-10-24,12267900,17757200.0,2723900,7069100.0,1445100.0,3427330000
2017-10-25,15868200,21207100.0,3033100,5315300.0,1528700.0,3874510000
2017-10-26,11833100,17000500.0,5618700,5185800.0,2369800.0,3869050000
2017-10-27,30285300,44454200.0,16565000,8128600.0,5184100.0,3887110000
2017-10-30,24353200,44700800.0,6613100,5439600.0,2340200.0,3658870000
2017-10-31,20174200,36046800.0,3477000,5518600.0,1516300.0,3827230000
2017-11-01,40918300,33637800.0,3755500,5017400.0,2163100.0,3813180000
2017-11-02,35529900,41393400.0,3684900,3606300.0,1334700.0,4048270000
2017-11-03,17822100,59398600.0,3751500,3678800.0,1388500.0,3567710000
2017-11-06,13312700,35026300.0,3381100,5846600.0,914700.0,3539080000
2017-11-07,12928200,24361500.0,2689000,6468000.0,1305200.0,3809650000
2017-11-08,10494100,24409500.0,2581500,4237400.0,1213800.0,3899360000
2017-11-09,12610300,29482600.0,3732700,5979900.0,1794600.0,3831610000
2017-11-10,11070200,25145500.0,2179900,6622200.0,972100.0,3486910000
2017-11-13,9523400,16982100.0,2918400,4607000.0,940700.0,3402930000
2017-11-14,9585900,24782500.0,3138400,3450500.0,1050600.0,3641760000
2017-11-15,10253700,29158100.0,3928700,4203100.0,905300.0,3558890000
2017-11-16,15607600,23637500.0,2213300,5678400.0,1188400.0,3312710000
2017-11-17,13018000,21899500.0,2413400,3906300.0,1335600.0,3300160000
2017-11-20,10052400,16262400.0,2163900,3827500.0,876300.0,3003540000
2017-11-21,14504000,25131300.0,2479400,4787300.0,1110300.0,3332720000
2017-11-22,10376300,25588900.0,3555300,5895400.0,726900.0,2762950000
2017-11-24,9426300,14026700.0,3528000,2160500.0,824600.0,1349780000
2017-11-27,12344500,20716800.0,6744000,3210100.0,1771500.0,3006860000
2017-11-28,14379700,26428800.0,4559400,6981100.0,1821200.0,3488420000
2017-11-29,41933500,41666400.0,9257500,14202700.0,2793300.0,4078280000
2017-11-30,25307600,41527200.0,4509200,6630100.0,2254600.0,4938490000
2017-12-01,20182500,39759300.0,4107100,6219500.0,1888100.0,3942320000
2017-12-04,24459400,32542400.0,5931900,9069800.0,1938900.0,4023150000
2017-12-05,20184900,27350200.0,4079800,5783700.0,1949900.0,3539040000
2017-12-06,20255800,28560000.0,2853300,5490100.0,1435500.0,3229000000
2017-12-07,20404500,25673300.0,2511600,4659500.0,1543300.0,3292400000
2017-12-08,19883800,23355200.0,3050100,4987300.0,1558500.0,3106150000
2017-12-11,13168600,35273800.0,2363500,5298600.0,1162700.0,3091950000
2017-12-12,16854100,19409200.0,2235900,4265900.0,1694100.0,3555680000
2017-12-13,14615700,23818400.0,2616800,4710000.0,1384000.0,3542370000
2017-12-14,13591000,20476500.0,3214300,7792800.0,1548100.0,3430030000
2017-12-15,28463100,40169300.0,4778600,7285600.0,3188000.0,5723920000
2017-12-18,17265400,29421100.0,2947600,5011000.0,1514600.0,3724660000
2017-12-19,14920600,27436400.0,2587800,7033000.0,1317500.0,3368590000
2017-12-20,11860500,23475600.0,2371200,6545400.0,1436400.0,3241030000
2017-12-21,11600700,20949900.0,2123100,4729800.0,1282000.0,3273390000
2017-12-22,8487000,16114600.0,1585100,3878900.0,889400.0,2399830000
2017-12-26,8897300,33185500.0,2005200,3045700.0,918800.0,1968780000
2017-12-27,9496100,21498200.0,1867200,4002100.0,1116200.0,2202080000
2017-12-28,12220800,16480200.0,1841700,10107400.0,994200.0,2153330000
2017-12-29,10178700,25884400.0,2688400,5187600.0,1180300.0,2443490000
2018-01-02,18151900,25555900.0,2694500,10966900.0,1588300.0,3367250000
2018-01-03,16886600,29517900.0,3108800,8591400.0,1565900.0,3538660000
2018-01-04,13880900,22434600.0,3022100,6029600.0,1302600.0,3695260000
2018-01-05,13574500,23660000.0,3544700,7033200.0,1512500.0,3236620000
2018-01-08,17994700,20567800.0,4279500,5580200.0,1232200.0,3242650000
2018-01-09,12393100,21584000.0,3661300,6125900.0,1340400.0,3453480000
2018-01-10,10529900,23959900.0,2686000,5951500.0,1036700.0,3576350000
2018-01-11,9588600,18667700.0,3125000,7659500.0,1121200.0,3641320000
2018-01-12,77306900,25226000.0,5443700,8199400.0,1929300.0,3573970000
2018-01-16,36183800,29565900.0,7220700,13516100.0,1823100.0,4325970000
2018-01-17,27992400,34386800.0,5221400,9037400.0,1386400.0,3778050000
2018-01-18,23304900,31193400.0,4026900,8225300.0,1374900.0,3681470000
2018-01-19,26826500,32425100.0,4578500,10548600.0,1527600.0,3639430000
2018-01-22,21059500,27108600.0,4140100,17703300.0,1477500.0,3471780000
2018-01-23,25678800,32689100.0,5169300,27705300.0,1956900.0,3519650000
2018-01-24,24334500,51105100.0,6807500,17352400.0,1856400.0,4014070000
2018-01-25,17377700,41529000.0,4753000,15336400.0,1499200.0,3835150000
2018-01-26,17759200,39143000.0,4857300,11021800.0,2108500.0,3443230000
2018-01-29,20453200,50640400.0,5701900,17529700.0,1574700.0,3573830000
2018-01-30,20858600,46048200.0,5871900,12482900.0,1866900.0,3990650000
2018-01-31,43275100,32478900.0,6424700,11695100.0,1801100.0,4261280000
2018-02-01,54211300,47230800.0,9113800,9669000.0,3675700.0,3938450000
2018-02-02,26677500,86593800.0,11125700,9123600.0,5892100.0,4301130000
2018-02-05,33128200,72738500.0,11495000,11896100.0,4177500.0,5283460000
2018-02-06,37758500,68243800.0,11066800,12595800.0,3831500.0,5891660000
2018-02-07,27601900,51608600.0,7162700,8981500.0,2597100.0,4626570000
2018-02-08,38478300,54390500.0,8578600,9306700.0,3339600.0,5305440000
2018-02-09,39887600,70672600.0,14141500,16906900.0,4918000.0,5680070000
2018-02-12,32092100,60819500.0,6738900,8534900.0,2812000.0,4055790000
2018-02-13,21809400,32549200.0,5917900,6855200.0,1579300.0,3472870000
2018-02-14,28929700,40644900.0,5959200,10972000.0,2065200.0,4003740000
2018-02-15,20922100,51147200.0,5652700,10759700.0,1869800.0,3684910000
2018-02-16,20645300,40176100.0,4472600,8312400.0,1997400.0,3637460000
2018-02-20,21204900,33930500.0,6499200,7769000.0,1687700.0,3627610000
2018-02-21,23200800,37471600.0,6304400,9371100.0,2074300.0,3779400000
2018-02-22,18464200,30991900.0,4858100,8891500.0,1400500.0,3701270000
2018-02-23,19007300,33812400.0,4418100,7301800.0,1264600.0,3189190000
2018-02-26,17599700,38162200.0,4955000,10268600.0,1545600.0,3424650000
2018-02-27,15849800,38928100.0,4808800,9416500.0,2148200.0,3745080000
2018-02-28,18783000,37782100.0,4515000,7653500.0,2464600.0,4230660000
2018-03-01,23201600,48802000.0,6835200,11932100.0,2766900.0,4503970000
2018-03-02,20025900,38454000.0,6587600,13345300.0,2508100.0,3882450000
2018-03-05,16189300,28401400.0,5233900,18986100.0,1432400.0,3710810000
2018-03-06,15086800,23788500.0,4561700,18525800.0,1169100.0,3370690000
2018-03-07,19097300,31703500.0,4174100,17132200.0,1537400.0,3393270000
2018-03-08,17225900,23774100.0,3862600,11340100.0,1693100.0,3212320000
2018-03-09,18526300,32185200.0,4534300,14500200.0,2133100.0,3364100000
2018-03-12,15301200,32207100.0,5174200,20369200.0,2215300.0,3185020000
2018-03-13,18067500,31693500.0,6531900,12917200.0,2157000.0,3301650000
2018-03-14,16821700,29368400.0,4259400,10475100.0,2093500.0,3391360000
2018-03-15,15614300,22743800.0,4069700,5642900.0,1669100.0,3500330000
2018-03-16,24403400,39404700.0,5425000,7333700.0,2932800.0,5372340000
2018-03-19,88140100,33446800.0,6580800,9925200.0,3182800.0,3302130000
2018-03-20,129851800,19649400.0,4581600,5991900.0,2729900.0,3261030000
2018-03-21,105920200,36338100.0,4750800,5263900.0,2244900.0,3415510000
2018-03-22,73743000,41490800.0,6320600,8063300.0,3465600.0,3739800000
2018-03-23,53609700,41028800.0,8006000,9529900.0,2494000.0,3815080000
2018-03-26,126116600,37541200.0,5624700,11988300.0,3299200.0,3511100000
2018-03-27,79117000,40922600.0,6999600,12068600.0,3040800.0,3706350000
2018-03-28,60029200,41668500.0,13705300,18972900.0,3884900.0,3864500000
2018-03-29,59434300,38398500.0,12581100,19145500.0,3466900.0,3565990000
2018-04-02,36796000,37586800.0,10463600,13405800.0,3253400.0,3598520000
2018-04-03,42543900,30278000.0,10231200,12694900.0,2566100.0,3392810000
2018-04-04,49885600,34605500.0,6982300,12914000.0,2536200.0,3350340000
2018-04-05,41449600,26933200.0,6413500,10655200.0,1791800.0,3178970000
2018-04-06,41644800,35005300.0,5882300,11444800.0,2006700.0,3299700000
2018-04-09,34915200,29017700.0,4208200,9853600.0,1661000.0,3062960000
2018-04-10,57889300,28408600.0,4254100,10660500.0,1831000.0,3543930000
2018-04-11,56144600,22431600.0,3582500,14877400.0,1703000.0,3020760000
2018-04-12,38263000,22889300.0,3135000,10249400.0,1644800.0,3021320000
2018-04-13,19990600,25124300.0,3685300,12046600.0,1270500.0,2960910000
2018-04-16,18119400,21578400.0,2808600,20307900.0,1488800.0,3019700000
2018-04-17,21716700,26509000.0,5114400,33866500.0,2729200.0,3234360000
2018-04-18,20969600,20754500.0,5227500,11221100.0,1556300.0,3383410000
2018-04-19,22235000,34808800.0,6523700,8438800.0,1994200.0,3349370000
2018-04-20,19119400,65491100.0,5541600,9158700.0,2121700.0,3388590000
2018-04-23,23088100,36515500.0,4465400,8968000.0,3479500.0,3017480000
2018-04-24,35079900,33692000.0,7494700,13893200.0,6411000.0,3706740000
2018-04-25,41083600,28382100.0,6587300,14919700.0,2893000.0,3499440000
2018-04-26,77556900,27963000.0,8801100,9266700.0,2546300.0,3665720000
2018-04-27,29804700,35655800.0,13053200,7074400.0,2037300.0,3219030000
2018-04-30,20750500,42427400.0,5464100,6088800.0,1724600.0,3734530000
2018-05-01,26025900,53569400.0,4572100,6036600.0,1766300.0,3559850000
2018-05-02,30424500,66539400.0,4360300,5697100.0,1734900.0,4010770000
2018-05-03,24026100,34068200.0,4251900,6135800.0,1964100.0,3851470000
2018-05-04,17677800,56201300.0,3443600,8209500.0,1844600.0,3327220000
2018-05-07,18697200,42451400.0,3801900,7117800.0,1720000.0,3237960000
2018-05-08,15577200,28402800.0,3067900,4735700.0,1301500.0,3717570000
2018-05-09,23282800,23211200.0,3637300,5633400.0,2358000.0,3909500000
2018-05-10,21071400,27989300.0,2817500,5302300.0,1820700.0,3333050000
2018-05-11,21207800,26212200.0,2263900,4589700.0,1525200.0,2862700000
2018-05-14,15646700,20778800.0,2509500,4089800.0,1966900.0,2972660000
2018-05-15,15429400,23695200.0,5077500,4746100.0,1786900.0,3290680000
2018-05-16,16975500,19183100.0,2570600,3671700.0,1281400.0,3202670000
2018-05-17,14840700,17294000.0,2147600,4935700.0,1286900.0,3475400000
2018-05-18,13130500,18297700.0,2642600,3577700.0,1774100.0,3368690000
2018-05-21,13532900,18400800.0,2925200,6657300.0,1259000.0,3019890000
2018-05-22,12731400,15240700.0,2115600,5964400.0,1111300.0,3366310000
2018-05-23,16628100,20058400.0,3299800,10001600.0,1154800.0,3326290000
2018-05-24,12354700,23234000.0,3430000,14758600.0,1030200.0,3256030000
2018-05-25,10965100,17461000.0,2698400,7817400.0,1111200.0,2995260000
2018-05-29,16398900,22514100.0,3846500,9717900.0,1803800.0,3736890000
2018-05-30,13736900,18690500.0,2907400,5685500.0,1434300.0,3561050000
2018-05-31,30782600,27482800.0,3166300,6921700.0,3968400.0,4235370000
2018-06-01,17307200,23442500.0,3313400,7112300.0,3160100.0,3684130000
2018-06-04,18939800,26266200.0,3187700,7682000.0,2237700.0,3376510000
2018-06-05,15544300,21566000.0,4782200,8358000.0,1648200.0,3517790000
2018-06-06,22558900,20933600.0,5473200,7712300.0,1746700.0,3651640000
2018-06-07,21503200,21347200.0,3765700,8278000.0,1805400.0,3711330000
2018-06-08,12677100,26656800.0,2955100,5225700.0,1364200.0,3123210000
2018-06-11,12928900,18308500.0,2335500,4432400.0,1239800.0,3232330000
2018-06-12,11562700,16911100.0,2259200,4291000.0,1304600.0,3401010000
2018-06-13,15853800,21638400.0,3327500,18222800.0,1715100.0,3779230000
2018-06-14,19120900,21610100.0,3174400,14598300.0,1771100.0,3526890000
2018-06-15,21860900,61719200.0,4777600,13588100.0,2221900.0,5428790000
2018-06-18,16826000,18484900.0,3107700,6824800.0,1651900.0,3287150000
2018-06-19,19994000,33578500.0,4290100,16697100.0,2364100.0,3661470000
2018-06-20,28230900,20628700.0,4332600,16494600.0,2584300.0,3327600000
2018-06-21,19045700,25711900.0,4941100,18389900.0,2248300.0,3300060000
2018-06-22,17420200,27200400.0,4075100,10428600.0,1711000.0,5450550000
2018-06-25,25275100,31663100.0,7511200,22490900.0,2884100.0,3655080000
2018-06-26,17897600,24569200.0,4386600,15191200.0,1734400.0,3555090000
2018-06-27,18734400,25285300.0,4872200,16541400.0,1726900.0,3776090000
2018-06-28,18172400,17365200.0,4529700,12219900.0,1486300.0,3428140000
2018-06-29,15811600,22737700.0,4543500,9252500.0,1578100.0,3565620000
2018-07-02,13961600,17731300.0,3185700,8142500.0,1160800.0,3073650000
2018-07-03,13489500,13954800.0,2177300,5280300.0,822400.0,1911470000
2018-07-05,19684200,16604200.0,2983100,8448900.0,1429700.0,2953420000
2018-07-06,19740100,17485200.0,2650300,8629600.0,1091000.0,2554780000
2018-07-09,18149400,19756600.0,3012000,11127500.0,1079200.0,3050040000
2018-07-10,13190100,15939100.0,3002900,9382900.0,1066700.0,3063850000
2018-07-11,12927400,18831500.0,3209800,9713900.0,1662600.0,2964740000
2018-07-12,15454700,18041100.0,4532700,12743300.0,2207400.0,2821690000
2018-07-13,11486800,12513900.0,4383200,15719000.0,1630600.0,2614000000
2018-07-16,11078200,15043100.0,5466200,22960000.0,1339200.0,2812230000
2018-07-17,15349900,15534500.0,5682900,58410400.0,2008100.0,3050730000
2018-07-18,15334900,16393400.0,4861900,21746300.0,1947400.0,3089780000
2018-07-19,11350400,20286800.0,4676900,16878700.0,1916900.0,3266700000
2018-07-20,16163900,20676200.0,3884400,15096700.0,1896900.0,3230210000
2018-07-23,16732000,15989400.0,3888500,11505200.0,3272300.0,2907430000
2018-07-24,28468700,18697900.0,4278700,12851500.0,5380000.0,3417530000
2018-07-25,58954200,16709900.0,3738200,8467800.0,2555200.0,3553010000
2018-07-26,169803700,19076000.0,9924400,6993700.0,2734300.0,3653330000
2018-07-27,60073700,24024000.0,9681000,8949500.0,2418100.0,3415710000
2018-07-30,65280800,21029500.0,6562300,18260700.0,2194800.0,3245770000
2018-07-31,40356500,39373000.0,5738700,14085400.0,1969100.0,3892100000
2018-08-01,34042100,67935700.0,4153100,7790500.0,1849700.0,3496990000
2018-08-02,32400000,62404000.0,4354700,7131300.0,1735200.0,3467380000
2018-08-03,24763400,33447400.0,3460500,8848400.0,1063200.0,3030390000
2018-08-06,49716200,25425400.0,3391800,8198100.0,1105700.0,2874540000
2018-08-07,33398600,25587400.0,3377500,7970900.0,2125300.0,3162770000
2018-08-08,22205200,22525500.0,3963000,5394700.0,1717200.0,2972200000
2018-08-09,19696700,23469200.0,4849900,4814600.0,1365700.0,3047050000
2018-08-10,21500400,24611200.0,3639900,4328400.0,1330100.0,3256040000
2018-08-13,17369400,25869100.0,5512600,6888900.0,1375000.0,3158450000
2018-08-14,19102000,20748000.0,3986100,5805200.0,1404000.0,2976970000
2018-08-15,33020200,28807600.0,7700700,11784500.0,1852600.0,3645070000
2018-08-16,31351800,28500400.0,3957100,6689700.0,1608800.0,3219880000
2018-08-17,24893200,35427000.0,4104300,10407900.0,1654600.0,3024100000
2018-08-20,21518000,30287700.0,2862000,13591100.0,1110900.0,2748020000
2018-08-21,19578500,26159800.0,3105600,14783200.0,1154100.0,3147140000
2018-08-22,16894100,19018100.0,3080500,8930700.0,1114800.0,2689560000
2018-08-23,18053600,18883200.0,3563000,11336400.0,1233300.0,2713910000
2018-08-24,14631600,18476400.0,2800900,14729100.0,1222700.0,2596190000
2018-08-27,17921900,20525100.0,3569000,17427300.0,1429000.0,2854080000
2018-08-28,15910700,22776800.0,3100700,9222600.0,1366500.0,2683190000
2018-08-29,18494100,27254800.0,6531800,8118700.0,1846300.0,2791860000
2018-08-30,24216500,48793800.0,7277300,10981000.0,1505200.0,2802180000
2018-08-31,18065200,43340100.0,4204400,7943400.0,2115400.0,2880260000
2018-09-04,29809000,27390100.0,5721100,7605200.0,2072900.0,3077060000
2018-09-05,31226700,33333000.0,8220600,13092800.0,2699400.0,3241250000
2018-09-06,41514800,34290000.0,7488700,13050200.0,2342700.0,3139590000
2018-09-07,24300600,37619800.0,4892600,9105800.0,1632900.0,2946270000
2018-09-10,20197700,39516500.0,4544800,5752200.0,1383500.0,2731400000
2018-09-11,20457100,35749000.0,5033600,6198100.0,1462700.0,2899660000
2018-09-12,24078100,49278700.0,4414000,10480800.0,1785800.0,3264930000
2018-09-13,25453800,41706400.0,3621500,8366100.0,2003400.0,3254930000
2018-09-14,21770400,31999300.0,3642000,4756400.0,1208800.0,3149800000
2018-09-17,21005300,37195100.0,7050200,7071900.0,1704800.0,2947760000
2018-09-18,22465200,31571700.0,4268700,10414000.0,1615700.0,3074610000
2018-09-19,19629000,27123800.0,4056800,11876800.0,1298100.0,3280020000
2018-09-20,18824200,26608800.0,3154900,6768100.0,1462200.0,3337730000
2018-09-21,45994800,96246700.0,6855900,11930600.0,4561100.0,5607610000
2018-09-24,19222800,27693400.0,4213700,9322500.0,1557500.0,3372210000
2018-09-25,27622800,24554400.0,4538400,6799800.0,1657600.0,3285480000
2018-09-26,25252200,23984700.0,4313500,13799700.0,1882500.0,3388620000
2018-09-27,27266900,30181200.0,4329400,7326200.0,1813700.0,3060850000
2018-09-28,34265600,22929400.0,4085100,7114900.0,1780600.0,3432300000
2018-10-01,26407700,23600800.0,3460500,8376600.0,1658200.0,3364190000
2018-10-02,36031000,24788200.0,5400700,8638700.0,2009000.0,3401880000
2018-10-03,23109500,28654800.0,5253100,5798600.0,1312300.0,3598710000
2018-10-04,25739600,32042000.0,7257000,9074400.0,2328800.0,3496860000
2018-10-05,25744000,33580500.0,6822300,13523000.0,1592600.0,3328980000
2018-10-08,24046000,29663900.0,7393200,12375500.0,2309500.0,3330320000
2018-10-09,18844400,26891000.0,4772900,8755000.0,1684500.0,3520500000
2018-10-10,30610000,41990600.0,10988900,17183100.0,2949000.0,4501250000
2018-10-11,35338900,53124400.0,13935900,16082100.0,3384800.0,4890630000
2018-10-12,25293500,40337900.0,9444600,14870800.0,2468500.0,3966040000
2018-10-15,15433500,30791000.0,6437200,11215000.0,1503700.0,3300140000
2018-10-16,19180100,29184000.0,5859900,20156400.0,1918900.0,3428340000
2018-10-17,17592000,22885400.0,5295200,32610900.0,1782600.0,3321710000
2018-10-18,21675100,32581300.0,5874000,18461000.0,2307600.0,3616440000
2018-10-19,19761300,33078700.0,5907200,16717200.0,2064300.0,3566490000
2018-10-22,15424700,28792100.0,4500000,17097200.0,1355800.0,3307140000
2018-10-23,19095000,38767800.0,6723900,14907300.0,1884300.0,4348580000
2018-10-24,27744600,40925500.0,6928400,19039300.0,2464300.0,4709310000
2018-10-25,22105700,29855800.0,10285700,13346900.0,3647800.0,4634770000
2018-10-26,31303300,47258400.0,14963800,19616000.0,5321900.0,4803150000
2018-10-29,31336800,45935500.0,13866100,21698800.0,4064500.0,4673700000
2018-10-30,50528300,36660000.0,12460100,23685700.0,2988400.0,5106380000
2018-10-31,60101300,38358900.0,9390200,20360300.0,3545800.0,5112420000
2018-11-01,25640800,58323200.0,8135500,15121500.0,2006600.0,4708420000
2018-11-02,24708700,91328700.0,6955500,13404600.0,2171900.0,4237930000
2018-11-05,15971200,66163700.0,5624700,10283000.0,2267900.0,3623320000
2018-11-06,16667100,31882900.0,4257400,9710400.0,1433000.0,3510860000
2018-11-07,21877400,33424400.0,8192200,13328300.0,2169400.0,3914750000
2018-11-08,24145800,25362600.0,6534900,11023900.0,1684700.0,3630490000
2018-11-09,17326900,34365800.0,5902200,13480800.0,1743000.0,4019090000
2018-11-12,18542100,51135500.0,6806200,10924800.0,1700100.0,3670930000
2018-11-13,15141700,46882900.0,5933300,12232200.0,1287500.0,4091440000
2018-11-14,22068400,60801000.0,6486900,16853600.0,1733300.0,4402370000
2018-11-15,30320300,46478800.0,8427300,9967100.0,2079200.0,4179140000
2018-11-16,37250600,36928300.0,6066100,9099500.0,1768300.0,3975180000
2018-11-19,44362700,41925300.0,7790000,12993800.0,2284200.0,3772900000
2018-11-20,41939500,67825200.0,10878800,16693800.0,2722900.0,4357900000
2018-11-21,25469700,31124200.0,5716800,11023000.0,1484900.0,3233550000
2018-11-23,11886100,23624000.0,2707600,5245100.0,708900.0,1651650000
2018-11-26,24263600,44998500.0,6257700,12498600.0,1577900.0,3443950000
2018-11-27,20750300,41387400.0,5783200,11149500.0,1652400.0,3485220000
2018-11-28,29847500,46062500.0,8458700,14801300.0,2302100.0,3951670000
2018-11-29,24238700,41770000.0,6613200,15431500.0,1550200.0,3560770000
2018-11-30,25732600,39531500.0,5761800,11860100.0,2983400.0,4658580000
2018-12-03,24819200,40802500.0,6862300,14117400.0,2876600.0,4186060000
2018-12-04,30307400,41344300.0,8694500,12800600.0,2281500.0,4499840000
2018-12-06,28218100,43098400.0,8789400,13074300.0,2371800.0,5141470000
2018-12-07,21195500,42281600.0,7576100,12466700.0,2134100.0,4216690000
2018-12-10,26422200,62026000.0,7494800,9605600.0,1682600.0,4151030000
2018-12-11,20300300,47281700.0,6244700,9843200.0,1692600.0,3905870000
2018-12-12,23696900,35627700.0,6598000,11456700.0,1448000.0,3955890000
2018-12-13,18148600,31898600.0,5271300,8379300.0,1249300.0,3927720000
2018-12-14,21785800,40703700.0,6367200,9915300.0,1817900.0,4035020000
2018-12-17,24334000,44287900.0,8829800,9634700.0,2496600.0,4616350000
2018-12-18,24709100,33841500.0,6523000,10350100.0,2182000.0,4470880000
2018-12-19,57404900,49047300.0,8792200,13788400.0,2913200.0,5127940000
2018-12-20,40297900,64773000.0,9991800,16792900.0,2683700.0,5585780000
2018-12-21,56901500,95744600.0,13640300,21397600.0,5232800.0,7609010000
2018-12-24,22066000,37169200.0,7220000,9547600.0,1818000.0,2613930000
2018-12-26,39723400,58582500.0,10411800,14402700.0,2315900.0,4233990000
2018-12-27,31202500,53117100.0,9722000,12235200.0,2299800.0,4096610000
2018-12-28,22627600,42291400.0,8829000,10992800.0,1719900.0,3702620000
2018-12-31,24625300,35003500.0,6954500,13508900.0,1655500.0,3442870000
2019-01-02,28146200,37039700.0,7983100,11679500.0,1593400.0,3733160000
2019-01-03,22717900,91312200.0,6975600,14969600.0,2098000.0,3822860000
2019-01-04,29002100,58607100.0,9182600,19330100.0,2301100.0,4213410000
2019-01-07,20089300,54777800.0,7993200,18620100.0,2372300.0,4104710000
2019-01-08,26263800,41025300.0,8881400,15359200.0,1770700.0,4083030000
2019-01-09,22205900,45099100.0,6348800,13343200.0,1349900.0,4052480000
2019-01-10,16125000,35780700.0,6507700,13472500.0,1329900.0,3704500000
2019-01-11,12908000,27023200.0,4686200,19500400.0,1543200.0,3434490000
2019-01-14,20520300,32439200.0,6005900,10499600.0,1424500.0,3664450000
2019-01-15,24069000,28710900.0,5998500,21181200.0,1875900.0,3572330000
2019-01-16,18025700,30569700.0,6366900,15385500.0,1914000.0,3863770000
2019-01-17,15787900,29821200.0,4208900,18871200.0,1244800.0,3772270000
2019-01-18,31029600,33751000.0,6020500,26621000.0,2244600.0,3986730000
2019-01-22,22378700,30394000.0,6416800,17941400.0,1981600.0,3908030000
2019-01-23,20098400,23130600.0,5225200,13480100.0,1259700.0,3335610000
2019-01-24,20955500,25441500.0,4089900,11131600.0,1455700.0,3433250000
2019-01-25,22237200,33535500.0,4945900,11152900.0,1163000.0,3814080000
2019-01-28,15508500,26192100.0,4837700,8652100.0,1466700.0,3612810000
2019-01-29,17632100,41587200.0,4632800,7655200.0,985200.0,3504200000
2019-01-30,44613200,61109800.0,5783800,9234500.0,1472600.0,3857810000
2019-01-31,77233600,40739600.0,10910300,8535500.0,2011600.0,4917650000
2019-02-01,30806500,32668100.0,11506200,9827800.0,1655800.0,3759270000
2019-02-04,20036000,31495500.0,4929100,9051400.0,3920400.0,3359840000
2019-02-05,22557000,36101600.0,4453100,9046600.0,4114800.0,3560430000
2019-02-06,13281200,28239600.0,3939900,6717700.0,2412800.0,3472690000
2019-02-07,17517600,31741700.0,4626600,7864500.0,1914900.0,4099490000
2019-02-08,12561400,23820000.0,5657500,7561400.0,1088300.0,3622330000
2019-02-11,12811200,20993400.0,3317300,5454900.0,924900.0,3361970000
2019-02-12,16292300,22283500.0,4858600,10429400.0,1751800.0,3827770000
2019-02-13,14205100,22490200.0,3560300,10559100.0,1402100.0,3670770000
2019-02-14,12722800,21799000.0,4109600,9283600.0,1052900.0,3836700000
2019-02-15,7827556,12989591.0,2440555,5500096.0,622477.0,955900171
